 Welcome to ...


                           STOMP
        Subsurface Transport Over Multiple Phases


 This file was produced by STOMP, a numerical simulator
 developed by the Pacific Northwest Laboratory, with
 support from the VOC-Arid Integrated Demonstration Project,
 Office of Technology Development, U.S. Department of Energy.
 Results from this version of STOMP should not be used for
 license related applications.

 For inquiries or assistance:  Call (509) 372-6070

                       ---  RESTART  ---


Version: 1087                                                            
Date: 
Time: 

 1.728000000000000E+05 5.588180773686792E+03 8.640000000000001E+03 1.000000000000000E+20 1.250000000000000E+00 1.000000000000000E-06 2.000000000000000E-01       16       57       50        0        3        0        0        0       50        0
 6.999998169776090E+01  3.883124000663294E+00  3.563505221988322E+03  3.119989377032640E+04  9.686542343704172E-01  0.000000000000000E+00  0.000000000000000E+00  3.134576562958280E-02  7.368861145166193E+04  1.757637899821834E-05  0.000000000000000E+00  0.000000000000000E+00  1.013300000000000E+05  7.000000000000000E+01   2
 7.000024051889184E+01  1.394394639115822E+00  4.166498071915957E+03  3.120012102589332E+04  9.305791772288861E-01  0.000000000000000E+00  0.000000000000000E+00  6.942082277111384E-02  7.429137704602264E+04  1.772015108637282E-05  0.000000000000000E+00  0.000000000000000E+00  1.013300000000000E+05  7.000000000000000E+01   2
 7.000039852739251E+01 -1.447054313963797E+00  4.420394747212071E+03  3.120028251347795E+04  9.073020541110187E-01  0.000000000000000E+00  0.000000000000000E+00  9.269794588898128E-02  7.454511223373411E+04  1.778067218329443E-05  0.000000000000000E+00  0.000000000000000E+00  1.013300000000000E+05  7.000000000000000E+01   2
 7.000047854523094E+01 -4.515640547768228E+00  4.575237751493048E+03  3.120035867272373E+04  8.907069411313294E-01  0.000000000000000E+00  0.000000000000000E+00  1.092930588686706E-01  7.469987907876932E+04  1.781758727957252E-05  0.000000000000000E+00  0.000000000000000E+00  1.013300000000000E+05  7.000000000000000E+01   2
 7.000051571121739E+01 -7.741004269313652E+00  4.685343108274292E+03  3.120038598988382E+04  8.777289139872561E-01  0.000000000000000E+00  0.000000000000000E+00  1.222710860127438E-01  7.480995711839047E+04  1.784384317005554E-05  0.000000000000000E+00  0.000000000000000E+00  1.013300000000000E+05  7.000000000000000E+01   2
 7.000052976303870E+01 -1.107810022652582E+01  4.770335943942403E+03  3.120038715393414E+04  8.670066692589785E-01  0.000000000000000E+00  0.000000000000000E+00  1.329933307410215E-01  7.489494879000826E+04  1.786411544225791E-05  0.000000000000000E+00  0.000000000000000E+00  1.013300000000000E+05  7.000000000000000E+01   2
 7.000053337509203E+01 -1.449425438132631E+01  4.839334625949730E+03  3.120037743717592E+04  8.578294310323187E-01  0.000000000000000E+00  0.000000000000000E+00  1.421705689676813E-01  7.496395718877381E+04  1.788057537295421E-05  0.000000000000000E+00  0.000000000000000E+00  1.013300000000000E+05  7.000000000000000E+01   2
 7.000053622559027E+01 -1.796367483451684E+01  4.897272901060515E+03  3.120036891060371E+04  8.497814693424626E-01  0.000000000000000E+00  0.000000000000000E+00  1.502185306575373E-01  7.502190399045681E+04  1.789439688375456E-05  0.000000000000000E+00  0.000000000000000E+00  1.013300000000000E+05  7.000000000000000E+01   2
 7.000054710736512E+01 -2.146478577381025E+01  4.947108221289668E+03  3.120037284781346E+04  8.425990664925450E-01  0.000000000000000E+00  0.000000000000000E+00  1.574009335074549E-01  7.507173537347621E+04  1.790628269922496E-05  0.000000000000000E+00  0.000000000000000E+00  1.013300000000000E+05  7.000000000000000E+01   2
 7.000057536802825E+01 -2.497878208587909E+01  4.990748795145970E+03  3.120040148189461E+04  8.361045539659443E-01  0.000000000000000E+00  0.000000000000000E+00  1.638954460340556E-01  7.511534731325136E+04  1.791668504876245E-05  0.000000000000000E+00  0.000000000000000E+00  1.013300000000000E+05  7.000000000000000E+01   2
 7.000063224726449E+01 -2.848877821242441E+01  5.029496036152452E+03  3.120046972107980E+04  8.301725835865062E-01  0.000000000000000E+00  0.000000000000000E+00  1.698274164134939E-01  7.515402631507265E+04  1.792591079051560E-05  0.000000000000000E+00  0.000000000000000E+00  1.013300000000000E+05  7.000000000000000E+01   2
 7.000073242672904E+01 -3.197927488665389E+01  5.064276783719829E+03  3.120059719366949E+04  8.247114463735528E-01  0.000000000000000E+00  0.000000000000000E+00  1.752885536264471E-01  7.518867959005035E+04  1.793417631311642E-05  0.000000000000000E+00  0.000000000000000E+00  1.013300000000000E+05  7.000000000000000E+01   2
 7.000089603649831E+01 -3.543580924978047E+01  5.095774475323577E+03  3.120081092955038E+04  8.196520472894681E-01  0.000000000000000E+00  0.000000000000000E+00  1.803479527105319E-01  7.521996354577319E+04  1.794163818336385E-05  0.000000000000000E+00  0.000000000000000E+00  1.013300000000000E+05  7.000000000000000E+01   2
 7.000115136625668E+01 -3.884471757308082E+01  5.124507716667371E+03  3.120114900368276E+04  8.149410522727788E-01  0.000000000000000E+00  0.000000000000000E+00  1.850589477272213E-01  7.524835871298461E+04  1.794841101778807E-05  0.000000000000000E+00  0.000000000000000E+00  1.013300000000000E+05  7.000000000000000E+01   2
 7.000153857374086E+01 -4.219297096551663E+01  5.150879667032996E+03  3.120166553203762E+04  8.105364395323935E-01  0.000000000000000E+00  0.000000000000000E+00  1.894635604676065E-01  7.527421413499536E+04  1.795457807044482E-05  0.000000000000000E+00  0.000000000000000E+00  1.013300000000000E+05  7.000000000000000E+01   2
 7.000211475546337E+01 -4.546806079228751E+01  5.175210369516173E+03  3.120243751105022E+04  8.064045010121392E-01  0.000000000000000E+00  0.000000000000000E+00  1.935954989878609E-01  7.529777285846596E+04  1.796019731299523E-05  0.000000000000000E+00  0.000000000000000E+00  1.013300000000000E+05  7.000000000000000E+01   2
 7.000296084160451E+01 -4.865791964249800E+01  5.197758680294150E+03  3.120357412443504E+04  8.025177516940769E-01  0.000000000000000E+00  0.000000000000000E+00  1.974822483059231E-01  7.531918455585911E+04  1.796530444542242E-05  0.000000000000000E+00  0.000000000000000E+00  1.013300000000000E+05  7.000000000000000E+01   2
 7.000419089684390E+01 -5.175086904917203E+01  5.218737629818305E+03  3.120522930540866E+04  7.988534241941265E-01  0.000000000000000E+00  0.000000000000000E+00  2.011465758058735E-01  7.533850832440964E+04  1.796991356364435E-05  0.000000000000000E+00  0.000000000000000E+00  1.013300000000000E+05  7.000000000000000E+01   2
 7.000596455025068E+01 -5.473558848941279E+01  5.238325519823336E+03  3.120761853702031E+04  7.953923488375041E-01  0.000000000000000E+00  0.000000000000000E+00  2.046076511624959E-01  7.535570698280304E+04  1.797401579915423E-05  0.000000000000000E+00  0.000000000000000E+00  1.013300000000000E+05  7.000000000000000E+01   2
 7.000850343675635E+01 -5.760110235762380E+01  5.256674195141218E+03  3.121104109534473E+04  7.921180906029015E-01  0.000000000000000E+00  0.000000000000000E+00  2.078819093970985E-01  7.537063309979648E+04  1.797757598655823E-05  0.000000000000000E+00  0.000000000000000E+00  1.013300000000000E+05  7.000000000000000E+01   2
 7.001211270338939E+01 -6.033678308349408E+01  5.273915421831036E+03  3.121590918326621E+04  7.890162569855813E-01  0.000000000000000E+00  0.000000000000000E+00  2.109837430144187E-01  7.538300623856483E+04  1.798052723588193E-05  0.000000000000000E+00  0.000000000000000E+00  1.013300000000000E+05  7.000000000000000E+01   2
 7.001720775099403E+01 -6.293236962782483E+01  5.290165958826329E+03  3.122278423380922E+04  7.860739228943771E-01  0.000000000000000E+00  0.000000000000000E+00  2.139260771056228E-01  7.539238172501711E+04  1.798276348316853E-05  0.000000000000000E+00  0.000000000000000E+00  1.013300000000000E+05  7.000000000000000E+01   2
 7.002435093253389E+01 -6.537800089703064E+01  5.305531876506180E+03  3.123242684510304E+04  7.832791107917573E-01  0.000000000000000E+00  0.000000000000000E+00  2.167208892082427E-01  7.539810503140313E+04  1.798412861002609E-05  0.000000000000000E+00  0.000000000000000E+00  1.013300000000000E+05  7.000000000000000E+01   2
 7.003429571681157E+01 -6.766426568722816E+01  5.320112284691385E+03  3.124585714436324E+04  7.806203164682546E-01  0.000000000000000E+00  0.000000000000000E+00  2.193796835317454E-01  7.539925514032814E+04  1.798440293477402E-05  0.000000000000000E+00  0.000000000000000E+00  1.013300000000000E+05  7.000000000000000E+01   2
 7.004804177817009E+01 -6.978226920893604E+01  5.334002772646511E+03  3.126443053112499E+04  7.780860441994129E-01  0.000000000000000E+00  0.000000000000000E+00  2.219139558005871E-01  7.539457224152152E+04  1.798328596662676E-05  0.000000000000000E+00  0.000000000000000E+00  1.013300000000000E+05  7.000000000000000E+01   2
 7.006690229716254E+01 -7.172371758646553E+01  5.347298726554787E+03  3.128993101276176E+04  7.756643324824552E-01  0.000000000000000E+00  0.000000000000000E+00  2.243356675175448E-01  7.538236771379302E+04  1.798037493452702E-05  0.000000000000000E+00  0.000000000000000E+00  1.013300000000000E+05  7.000000000000000E+01   2
 7.009258459662338E+01 -7.348102148443810E+01  5.360098652957875E+03  3.132468445061401E+04  7.733422549750322E-01  0.000000000000000E+00  0.000000000000000E+00  2.266577450249678E-01  7.536041420234388E+04  1.797513856830712E-05  0.000000000000000E+00  0.000000000000000E+00  1.013300000000000E+05  7.000000000000000E+01   2
 7.012728487497677E+01 -7.504741981127869E+01  5.372507607803182E+03  3.137169405332428E+04  7.711053840892803E-01  0.000000000000000E+00  0.000000000000000E+00  2.288946159107197E-01  7.532581355447891E+04  1.796688559861657E-05  0.000000000000000E+00  0.000000000000000E+00  1.013300000000000E+05  7.000000000000000E+01   2
 7.017379707949051E+01 -7.641712401188573E+01  5.384640803460654E+03  3.143480026089551E+04  7.689372077473953E-01  0.000000000000000E+00  0.000000000000000E+00  2.310627922526047E-01  7.527484054256516E+04  1.795472748159954E-05  0.000000000000000E+00  0.000000000000000E+00  1.013300000000000E+05  7.000000000000000E+01   2
 7.023563493173290E+01 -7.758548277248851E+01  5.396627441600864E+03  3.151886692731238E+04  7.668184926994861E-01  0.000000000000000E+00  0.000000000000000E+00  2.331815073005139E-01  7.520276051428849E+04  1.793753490468082E-05  0.000000000000000E+00  0.000000000000000E+00  1.013300000000000E+05  7.000000000000000E+01   2
 7.031716475211110E+01 -7.854916602720858E+01  5.408614797709439E+03  3.162999552724728E+04  7.647265904633009E-01  0.000000000000000E+00  0.000000000000000E+00  2.352734095366991E-01  7.510361927046216E+04  1.791388766802767E-05  0.000000000000000E+00  0.000000000000000E+00  1.013300000000000E+05  7.000000000000000E+01   2
 7.042374503922652E+01 -7.930636601635437E+01  5.420772564241631E+03  3.177576913383646E+04  7.626346840880219E-01  0.000000000000000E+00  0.000000000000000E+00  2.373653159119782E-01  7.497000343040517E+04  1.788201752665335E-05  0.000000000000000E+00  0.000000000000000E+00  1.013300000000000E+05  7.000000000000000E+01   2
 7.056186680080783E+01 -7.985701188180533E+01  5.433297446407865E+03  3.196552834577524E+04  7.605109750850961E-01  0.000000000000000E+00  0.000000000000000E+00  2.394890249149040E-01  7.479276910063263E+04  1.783974347215356E-05  0.000000000000000E+00  0.000000000000000E+00  1.013300000000000E+05  7.000000000000000E+01   2
 7.073928652979123E+01 -8.020299303077659E+01  5.446418001160878E+03  3.221068243696234E+04  7.583178093217768E-01  0.000000000000000E+00  0.000000000000000E+00  2.416821906782232E-01  7.456073556419855E+04  1.778439867106632E-05  0.000000000000000E+00  0.000000000000000E+00  1.013300000000000E+05  7.000000000000000E+01   2
 7.096514167778869E+01 -8.034838546292010E+01  5.460399721429505E+03  3.252506104510957E+04  7.560107375578844E-01  0.000000000000000E+00  0.000000000000000E+00  2.439892624421156E-01  7.426033867631994E+04  1.771274779222880E-05  0.000000000000000E+00  0.000000000000000E+00  1.013300000000000E+05  7.000000000000000E+01   2
 7.124999049831248E+01 -8.029906416405110E+01  5.475549099789651E+03  3.292524961249515E+04  7.535378130758921E-01  0.000000000000000E+00  0.000000000000000E+00  2.464621869241079E-01  7.387529948729451E+04  1.762090796598751E-05  0.000000000000000E+00  0.000000000000000E+00  1.013300000000000E+05  7.000000000000000E+01   2
 7.160572006382433E+01 -8.006208552720498E+01  5.492215581702697E+03  3.343085388732606E+04  7.508392417434501E-01  0.000000000000000E+00  0.000000000000000E+00  2.491607582565499E-01  7.338636169437664E+04  1.750428616030112E-05  0.000000000000000E+00  0.000000000000000E+00  1.013300000000000E+05  7.000000000000000E+01   2
 7.204574076234051E+01 -7.964877889518695E+01  5.510803667325639E+03  3.406532059984061E+04  7.478447150306920E-01  0.000000000000000E+00  0.000000000000000E+00  2.521552849693081E-01  7.277048306748504E+04  1.735738631792944E-05  0.000000000000000E+00  0.000000000000000E+00  1.013300000000000E+05  7.000000000000000E+01   2
 7.258479780823977E+01 -7.907325445801897E+01  5.531776834695024E+03  3.485641665559971E+04  7.444727791243093E-01  0.000000000000000E+00  0.000000000000000E+00  2.555272208756907E-01  7.200036017909530E+04  1.717369599305950E-05  0.000000000000000E+00  0.000000000000000E+00  1.013300000000000E+05  7.000000000000000E+01   2
 7.323878798341434E+01 -7.835253644129129E+01  5.555665119097815E+03  3.583694757693659E+04  7.406292903364811E-01  0.000000000000000E+00  0.000000000000000E+00  2.593707096635189E-01  7.104371754216124E+04  1.694551679363395E-05  0.000000000000000E+00  0.000000000000000E+00  1.013300000000000E+05  7.000000000000000E+01   2
 7.402448289429119E+01 -7.750669425635143E+01  5.583074408363737E+03  3.704561706131484E+04  7.362055451287230E-01  0.000000000000000E+00  0.000000000000000E+00  2.637944548712770E-01  6.986245734704891E+04  1.666376157261033E-05  0.000000000000000E+00  0.000000000000000E+00  1.013300000000000E+05  7.000000000000000E+01   2
 7.495915378358129E+01 -7.655899684023939E+01  5.614698468063906E+03  3.852805256150646E+04  7.310759375225215E-01  0.000000000000000E+00  0.000000000000000E+00  2.689240624774785E-01  6.841164590655745E+04  1.631771266923087E-05  0.000000000000000E+00  0.000000000000000E+00  1.013300000000000E+05  7.000000000000000E+01   2
 7.606009443653702E+01 -7.553613940549122E+01  5.651335214457450E+03  4.033800897918644E+04  7.250949386110700E-01  0.000000000000000E+00  0.000000000000000E+00  2.749050613889300E-01  6.663832623527100E+04  1.589473867762953E-05  0.000000000000000E+00  0.000000000000000E+00  1.013300000000000E+05  7.000000000000000E+01   2
 7.734403757840234E+01 -7.446863164575032E+01  5.693909571299995E+03  4.253873327858274E+04  7.180931016337824E-01  0.000000000000000E+00  0.000000000000000E+00  2.819068983662176E-01  6.448017629271726E+04  1.537997440012364E-05  0.000000000000000E+00  0.000000000000000E+00  1.013300000000000E+05  7.000000000000000E+01   2
 7.882644917155521E+01 -7.339150596871315E+01  5.743506476052287E+03  4.520440579963253E+04  7.098716699001139E-01  0.000000000000000E+00  0.000000000000000E+00  2.901283300998860E-01  6.186410067641975E+04  1.475598492289890E-05  0.000000000000000E+00  0.000000000000000E+00  1.013300000000000E+05  7.000000000000000E+01   2
 8.052065070882696E+01 -7.234563301426415E+01  5.801419365108116E+03  4.842142235222910E+04  7.001952121100905E-01  0.000000000000000E+00  0.000000000000000E+00  2.998047878899095E-01  5.870499701287901E+04  1.400247135545273E-05  0.000000000000000E+00  0.000000000000000E+00  1.013300000000000E+05  7.000000000000000E+01   2
 8.243662924560519E+01 -7.138018753497162E+01  5.869221766746293E+03  5.228892391039728E+04  6.887815899282067E-01  0.000000000000000E+00  0.000000000000000E+00  3.112184100717933E-01  5.490529785634902E+04  1.309616153827676E-05  0.000000000000000E+00  0.000000000000000E+00  1.013300000000000E+05  7.000000000000000E+01   2
 8.457916437243917E+01 -7.055735987377491E+01  5.948872136923362E+03  5.691708863052012E+04  6.752886518569706E-01  0.000000000000000E+00  0.000000000000000E+00  3.247113481430294E-01  5.035678350640325E+04  1.201124240568641E-05  0.000000000000000E+00  0.000000000000000E+00  1.013300000000000E+05  7.000000000000000E+01   2
 8.694430513461775E+01 -6.996171274049983E+01  6.042864055718171E+03  6.241933793341981E+04  6.592976940649280E-01  0.000000000000000E+00  0.000000000000000E+00  3.407023059350720E-01  4.494852612229836E+04  1.072125479038229E-05  0.000000000000000E+00  0.000000000000000E+00  1.013300000000000E+05  7.000000000000000E+01   2
 8.951166679406484E+01 -6.971996846774464E+01  6.154434281585746E+03  6.888808782429899E+04  6.402954661293892E-01  0.000000000000000E+00  0.000000000000000E+00  3.597045338706109E-01  3.859134645728677E+04  9.204926857673724E-06  0.000000000000000E+00  0.000000000000000E+00  1.013300000000000E+05  7.000000000000000E+01   2
