 Welcome to ...


                           STOMP
        Subsurface Transport Over Multiple Phases


 This file was produced by STOMP, a numerical simulator
 developed by the Pacific Northwest Laboratory, with
 support from the VOC-Arid Integrated Demonstration Project,
 Office of Technology Development, U.S. Department of Energy.
 Results from this version of STOMP should not be used for
 license related applications.

 For inquiries or assistance:  Call (509) 372-6070

                       ---  RESTART  ---


Version: 1087                                                            
Date: 
Time: 

 4.320000000000000E+05 8.640000000000001E+03 8.640000000000001E+03 1.000000000000000E+20 1.250000000000000E+00 1.000000000000000E-06 2.000000000000000E-01       16       87       50        0        3        0        0        0       50        0
 7.000128723465110E+01  5.439053247708660E+00  3.420523296512543E+03  3.120168462202717E+04  9.747333152297081E-01  0.000000000000000E+00  0.000000000000000E+00  2.526668477029181E-02  7.354383867448536E+04  1.754184768773753E-05  0.000000000000000E+00  0.000000000000000E+00  1.013300000000000E+05  7.000000000000000E+01   2
 7.000435556091574E+01  6.429398676683501E+00  3.992280164509868E+03  3.120571041811605E+04  9.441903906075858E-01  0.000000000000000E+00  0.000000000000000E+00  5.580960939241431E-02  7.411156974639383E+04  1.767726332006915E-05  0.000000000000000E+00  0.000000000000000E+00  1.013300000000000E+05  7.000000000000000E+01   2
 7.000761415253311E+01  7.510200693400525E+00  4.234130227965425E+03  3.121005997356264E+04  9.254148358550422E-01  0.000000000000000E+00  0.000000000000000E+00  7.458516414495775E-02  7.434907025440277E+04  1.773391211159493E-05  0.000000000000000E+00  0.000000000000000E+00  1.013300000000000E+05  7.000000000000000E+01   2
 7.001127730610118E+01  8.672453875726941E+00  4.382232580466503E+03  3.121497508677944E+04  9.120280853963012E-01  0.000000000000000E+00  0.000000000000000E+00  8.797191460369881E-02  7.449225749368707E+04  1.776806523344232E-05  0.000000000000000E+00  0.000000000000000E+00  1.013300000000000E+05  7.000000000000000E+01   2
 7.001558748099230E+01  9.912506349353722E+00  4.487971930338445E+03  3.122077298071364E+04  9.015938598276165E-01  0.000000000000000E+00  0.000000000000000E+00  9.840614017238359E-02  7.459219894962481E+04  1.779190333985779E-05  0.000000000000000E+00  0.000000000000000E+00  1.013300000000000E+05  7.000000000000000E+01   2
 7.002080454682002E+01  1.122912080726076E+01  4.569972739425855E+03  3.122780124548154E+04  8.930152639708840E-01  0.000000000000000E+00  0.000000000000000E+00  1.069847360291161E-01  7.466717149394430E+04  1.780978584361722E-05  0.000000000000000E+00  0.000000000000000E+00  1.013300000000000E+05  7.000000000000000E+01   2
 7.002722221551458E+01  1.262227701145306E+01  4.636905819699323E+03  3.123645555811323E+04  8.857131798961108E-01  0.000000000000000E+00  0.000000000000000E+00  1.142868201038892E-01  7.472545026158610E+04  1.782368653590909E-05  0.000000000000000E+00  0.000000000000000E+00  1.013300000000000E+05  7.000000000000000E+01   2
 7.003518190630912E+01  1.409260679181038E+01  4.693471849784811E+03  3.124719740936800E+04  8.793452217164505E-01  0.000000000000000E+00  0.000000000000000E+00  1.206547782835494E-01  7.477127444041680E+04  1.783461655089134E-05  0.000000000000000E+00  0.000000000000000E+00  1.013300000000000E+05  7.000000000000000E+01   2
 7.004508593373946E+01  1.564109277077579E+01  4.742496612148577E+03  3.126057181790326E+04  8.736915196373616E-01  0.000000000000000E+00  0.000000000000000E+00  1.263084803626384E-01  7.480692479424532E+04  1.784311989800083E-05  0.000000000000000E+00  0.000000000000000E+00  1.013300000000000E+05  7.000000000000000E+01   2
 7.005740997144564E+01  1.726889033484688E+01  4.785811954040256E+03  3.127722447961821E+04  8.686016442387718E-01  0.000000000000000E+00  0.000000000000000E+00  1.313983557612282E-01  7.483358747442203E+04  1.784947949892452E-05  0.000000000000000E+00  0.000000000000000E+00  1.013300000000000E+05  7.000000000000000E+01   2
 7.007271912681939E+01  1.897721294982164E+01  4.824677014874365E+03  3.129792413407987E+04  8.639672543996603E-01  0.000000000000000E+00  0.000000000000000E+00  1.360327456003397E-01  7.485175288079449E+04  1.785381232420362E-05  0.000000000000000E+00  0.000000000000000E+00  1.013300000000000E+05  7.000000000000000E+01   2
 7.009168345411993E+01  2.076725124368811E+01  4.859999530584487E+03  3.132358456631793E+04  8.597068542051980E-01  0.000000000000000E+00  0.000000000000000E+00  1.402931457948019E-01  7.486141496426656E+04  1.785611693102348E-05  0.000000000000000E+00  0.000000000000000E+00  1.013300000000000E+05  7.000000000000000E+01   2
 7.011509465708682E+01  2.264011203435661E+01  4.892461081869814E+03  3.135528873553847E+04  8.557567261980065E-01  0.000000000000000E+00  0.000000000000000E+00  1.442432738019934E-01  7.486217234633134E+04  1.785629758231625E-05  0.000000000000000E+00  0.000000000000000E+00  1.013300000000000E+05  7.000000000000000E+01   2
 7.014388443306669E+01  2.459676914733587E+01  4.922592353657837E+03  3.139431583609055E+04  8.520652381944398E-01  0.000000000000000E+00  0.000000000000000E+00  1.479347618055602E-01  7.485327651756728E+04  1.785417574309876E-05  0.000000000000000E+00  0.000000000000000E+00  1.013300000000000E+05  7.000000000000000E+01   2
 7.017914410622883E+01  2.663802156178996E+01  4.950820631506366E+03  3.144217108432181E+04  8.485891022828424E-01  0.000000000000000E+00  0.000000000000000E+00  1.514108977171577E-01  7.483364954718455E+04  1.784949430456274E-05  0.000000000000000E+00  0.000000000000000E+00  1.013300000000000E+05  7.000000000000000E+01   2
 7.022214542933109E+01  2.876445632118389E+01  4.977501056066311E+03  3.150061843147671E+04  8.452908157605894E-01  0.000000000000000E+00  0.000000000000000E+00  1.547091842394107E-01  7.480188262458960E+04  1.784191723620242E-05  0.000000000000000E+00  0.000000000000000E+00  1.013300000000000E+05  7.000000000000000E+01   2
 7.027436235610883E+01  3.097641474656269E+01  5.002937943915136E+03  3.157171641415423E+04  8.421368464740283E-01  0.000000000000000E+00  0.000000000000000E+00  1.578631535259718E-01  7.475622152976091E+04  1.783102612018997E-05  0.000000000000000E+00  0.000000000000000E+00  1.013300000000000E+05  7.000000000000000E+01   2
 7.033749350531886E+01  3.327396116526007E+01  5.027399793964063E+03  3.165785738752721E+04  8.390963034439824E-01  0.000000000000000E+00  0.000000000000000E+00  1.609036965560176E-01  7.469454240643685E+04  1.781631437276708E-05  0.000000000000000E+00  0.000000000000000E+00  1.013300000000000E+05  7.000000000000000E+01   2
 7.041348495378841E+01  3.565685380068339E+01  5.051130138920238E+03  3.176181044804058E+04  8.361399338115097E-01  0.000000000000000E+00  0.000000000000000E+00  1.638600661884902E-01  7.461431969087966E+04  1.779717959457379E-05  0.000000000000000E+00  0.000000000000000E+00  1.013300000000000E+05  7.000000000000000E+01   2
 7.050455291164451E+01  3.812451775721327E+01  5.074355574017892E+03  3.188676844817685E+04  8.332393455595211E-01  0.000000000000000E+00  0.000000000000000E+00  1.667606544404789E-01  7.451258712584103E+04  1.777291427164780E-05  0.000000000000000E+00  0.000000000000000E+00  1.013300000000000E+05  7.000000000000000E+01   2
 7.061320575121599E+01  4.067602023092296E+01  5.097291809231132E+03  3.203639964318204E+04  8.303663906195489E-01  0.000000000000000E+00  0.000000000000000E+00  1.696336093804511E-01  7.438589216604909E+04  1.774269490015529E-05  0.000000000000000E+00  0.000000000000000E+00  1.013300000000000E+05  7.000000000000000E+01   2
 7.074226478558396E+01  4.331004821078322E+01  5.120148297453825E+03  3.221490469545609E+04  8.274926645987188E-01  0.000000000000000E+00  0.000000000000000E+00  1.725073354012812E-01  7.423024360199773E+04  1.770556949353411E-05  0.000000000000000E+00  0.000000000000000E+00  1.013300000000000E+05  7.000000000000000E+01   2
 7.089488312750672E+01  4.602488902219205E+01  5.143131810269611E+03  3.242708000325988E+04  8.245890927873861E-01  0.000000000000000E+00  0.000000000000000E+00  1.754109072126140E-01  7.404105180700973E+04  1.766044333011851E-05  0.000000000000000E+00  0.000000000000000E+00  1.013300000000000E+05  7.000000000000000E+01   2
 7.107456190878419E+01  4.881841411322049E+01  5.166449221073934E+03  3.267838862231186E+04  8.216255803424040E-01  0.000000000000000E+00  0.000000000000000E+00  1.783744196575959E-01  7.381306059876208E+04  1.760606270061767E-05  0.000000000000000E+00  0.000000000000000E+00  1.013300000000000E+05  7.000000000000000E+01   2
 7.128516310822080E+01  5.168806649723074E+01  5.190309687474069E+03  3.297504041623510E+04  8.185707093281994E-01  0.000000000000000E+00  0.000000000000000E+00  1.814292906718006E-01  7.354026927123897E+04  1.754099631100922E-05  0.000000000000000E+00  0.000000000000000E+00  1.013300000000000E+05  7.000000000000000E+01   2
 7.153091822679916E+01  5.463085224316872E+01  5.214926386414414E+03  3.332408350769220E+04  8.153914676760225E-01  0.000000000000000E+00  0.000000000000000E+00  1.846085323239776E-01  7.321584287872221E+04  1.746361388326297E-05  0.000000000000000E+00  0.000000000000000E+00  1.013300000000000E+05  7.000000000000000E+01   2
 7.181643206395405E+01  5.764333634303488E+01  5.240517937470827E+03  3.373350960731498E+04  8.120529957237011E-01  0.000000000000000E+00  0.000000000000000E+00  1.879470042762988E-01  7.283200833015584E+04  1.737206137149599E-05  0.000000000000000E+00  0.000000000000000E+00  1.013300000000000E+05  7.000000000000000E+01   2
 7.214668088959319E+01  6.072164317694808E+01  5.267309646692686E+03  3.421237637081669E+04  8.085183352130043E-01  0.000000000000000E+00  0.000000000000000E+00  1.914816647869957E-01  7.237993327587598E+04  1.726423207368612E-05  0.000000000000000E+00  0.000000000000000E+00  1.013300000000000E+05  7.000000000000000E+01   2
 7.252700437055301E+01  6.386146162645232E+01  5.295534711693573E+03  3.477095057081002E+04  8.047481636871273E-01  0.000000000000000E+00  0.000000000000000E+00  1.952518363128727E-01  7.184958414088356E+04  1.713773276931981E-05  0.000000000000000E+00  0.000000000000000E+00  1.013300000000000E+05  7.000000000000000E+01   2
 7.296309069109405E+01  6.705805463500532E+01  5.325435546252451E+03  3.542087655809713E+04  8.007004942612529E-01  0.000000000000000E+00  0.000000000000000E+00  1.992995057387472E-01  7.122955898815533E+04  1.698984385337185E-05  0.000000000000000E+00  0.000000000000000E+00  1.013300000000000E+05  7.000000000000000E+01   2
 7.346095439194025E+01  7.030627264731024E+01  5.357265408483155E+03  3.617537520589047E+04  7.963303167366390E-01  0.000000000000000E+00  0.000000000000000E+00  2.036696832633610E-01  7.050689020259269E+04  1.681747227173631E-05  0.000000000000000E+00  0.000000000000000E+00  1.013300000000000E+05  7.000000000000000E+01   2
 7.402690651803025E+01  7.360056982387079E+01  5.391290551047539E+03  3.704947923734009E+04  7.915891508410436E-01  0.000000000000000E+00  0.000000000000000E+00  2.084108491589565E-01  6.966681131370746E+04  1.661709590281068E-05  0.000000000000000E+00  0.000000000000000E+00  1.013300000000000E+05  7.000000000000000E+01   2
 7.466751667141696E+01  7.693502113989848E+01  5.427793157036366E+03  3.806031144870421E+04  7.864244756612367E-01  0.000000000000000E+00  0.000000000000000E+00  2.135755243387634E-01  6.869248170833217E+04  1.638469789472405E-05  0.000000000000000E+00  0.000000000000000E+00  1.013300000000000E+05  7.000000000000000E+01   2
 7.538956644275348E+01  8.030333730124514E+01  5.467075385622589E+03  3.922741269288948E+04  7.807789904671669E-01  0.000000000000000E+00  0.000000000000000E+00  2.192210095328331E-01  6.756466269273311E+04  1.611568939805286E-05  0.000000000000000E+00  0.000000000000000E+00  1.013300000000000E+05  7.000000000000000E+01   2
 7.619999331898894E+01  8.369887261247069E+01  5.509464935358766E+03  4.057312625311727E+04  7.745896501447693E-01  0.000000000000000E+00  0.000000000000000E+00  2.254103498552307E-01  6.626133868224148E+04  1.580481920986657E-05  0.000000000000000E+00  0.000000000000000E+00  1.013300000000000E+05  7.000000000000000E+01   2
 7.710582331112569E+01  8.711461810712279E+01  5.555322652532992E+03  4.212304375577022E+04  7.677864019708425E-01  0.000000000000000E+00  0.000000000000000E+00  2.322135980291575E-01  6.475727889676278E+04  1.544606922660227E-05  0.000000000000000E+00  0.000000000000000E+00  1.013300000000000E+05  7.000000000000000E+01   2
 7.811408879018091E+01  9.054316765904131E+01  5.605052885736590E+03  4.390651370431689E+04  7.602905276719719E-01  0.000000000000000E+00  0.000000000000000E+00  2.397094723280281E-01  6.302353918141970E+04  1.503253561476572E-05  0.000000000000000E+00  0.000000000000000E+00  1.013300000000000E+05  7.000000000000000E+01   2
 7.923172453557666E+01  9.397663704090572E+01  5.659117541818776E+03  4.595720428334200E+04  7.520124635238460E-01  0.000000000000000E+00  0.000000000000000E+00  2.479875364761540E-01  6.102691325847678E+04  1.455629791892995E-05  0.000000000000000E+00  0.000000000000000E+00  1.013300000000000E+05  7.000000000000000E+01   2
 8.046542812094657E+01  9.740650224361911E+01  5.718055168337124E+03  4.831369138573527E+04  7.428489298167845E-01  0.000000000000000E+00  0.000000000000000E+00  2.571510701832155E-01  5.872936378260186E+04  1.400828335110969E-05  0.000000000000000E+00  0.000000000000000E+00  1.013300000000000E+05  7.000000000000000E+01   2
 8.182145700696374E+01  1.008232982190064E+02  5.782506921219462E+03  5.101999799907146E+04  7.326791488710764E-01  0.000000000000000E+00  0.000000000000000E+00  2.673208511289236E-01  5.608750892214800E+04  1.337814432263096E-05  0.000000000000000E+00  0.000000000000000E+00  1.013300000000000E+05  7.000000000000000E+01   2
 8.330530656501759E+01  1.042160706010364E+02  5.853252037713819E+03  5.412591326266234E+04  7.213598710943403E-01  0.000000000000000E+00  0.000000000000000E+00  2.786401289056597E-01  5.305233877505147E+04  1.265419079447554E-05  0.000000000000000E+00  0.000000000000000E+00  1.013300000000000E+05  7.000000000000000E+01   2
 8.492115399166481E+01  1.075713741081338E+02  5.931256513710540E+03  5.768670177099323E+04  7.087188718262026E-01  0.000000000000000E+00  0.000000000000000E+00  2.912811281737974E-01  4.956955474271732E+04  1.182347121430799E-05  0.000000000000000E+00  0.000000000000000E+00  1.013300000000000E+05  7.000000000000000E+01   2
 8.667082457715750E+01  1.108713989943511E+02  6.017740194816382E+03  6.176131695274827E+04  6.945465551740445E-01  0.000000000000000E+00  0.000000000000000E+00  3.054534448259555E-01  4.558142324206811E+04  1.087221465414927E-05  0.000000000000000E+00  0.000000000000000E+00  1.013300000000000E+05  7.000000000000000E+01   2
 8.855175194916225E+01  1.140903235227074E+02  6.114269311848825E+03  6.640707368732508E+04  6.785854073170912E-01  0.000000000000000E+00  0.000000000000000E+00  3.214145926829088E-01  4.103219562452374E+04  9.787123566629015E-06  0.000000000000000E+00  0.000000000000000E+00  1.013300000000000E+05  7.000000000000000E+01   2
 9.055277448899522E+01  1.171868253187661E+02  6.222880882208197E+03  7.166602141951280E+04  6.605178855551889E-01  0.000000000000000E+00  0.000000000000000E+00  3.394821144448110E-01  3.588185946269538E+04  8.558653763381630E-06  0.000000000000000E+00  0.000000000000000E+00  1.013300000000000E+05  7.000000000000000E+01   2
 9.264533193498012E+01  1.200877730477931E+02  6.346221892118479E+03  7.753225277854004E+04  6.399585612077380E-01  0.000000000000000E+00  0.000000000000000E+00  3.600414387922620E-01  3.013896911357844E+04  7.188845252368070E-06  0.000000000000000E+00  0.000000000000000E+00  1.013300000000000E+05  7.000000000000000E+01   2
 9.476597658409474E+01  1.226512443732067E+02  6.487532578502385E+03  8.387948302310180E+04  6.164836462911074E-01  0.000000000000000E+00  0.000000000000000E+00  3.835163537088926E-01  2.393304955540059E+04  5.708592265705317E-06  0.000000000000000E+00  0.000000000000000E+00  1.013300000000000E+05  7.000000000000000E+01   2
 9.679001351508159E+01  1.245869483794621E+02  6.649680314689232E+03  9.033448736100310E+04  5.898308614814253E-01  0.000000000000000E+00  0.000000000000000E+00  4.101691385185747E-01  1.764019295368614E+04  4.207601124362897E-06  0.000000000000000E+00  0.000000000000000E+00  1.013300000000000E+05  7.000000000000000E+01   2
 9.852903849203626E+01  1.253357735622024E+02  6.831537308351260E+03  9.620476553600966E+04  5.605129525631751E-01  0.000000000000000E+00  0.000000000000000E+00  4.394870474368249E-01  1.195177177234159E+04  2.850780276695250E-06  0.000000000000000E+00  0.000000000000000E+00  1.013300000000000E+05  7.000000000000000E+01   2
 9.982762488405907E+01  1.243174301664269E+02  7.023492627957390E+03  1.007914910790723E+05  5.304628937378539E-01  0.000000000000000E+00  0.000000000000000E+00  4.695371062621461E-01  7.557001548885033E+03  1.802524338367778E-06  0.000000000000000E+00  0.000000000000000E+00  1.013300000000000E+05  7.000000000000000E+01   2
