# hydrate_teq.dat 1322 2020-03-17 21:06:11Z d3c002 https://stash.pnnl.gov/scm/stomp/stomp.git V3.0
100
11
350000 376247.4317 404463.2281 434795.0022 467401.4368 502453.1148 540133.4113 580639.4536 624183.1519 670992.3079 721311.8072 775404.8997 833554.5772 896065.0538 963263.3574 1035501.041 1113156.02 1196634.553 1286373.364 1382841.927 1486544.924 1598024.884 1717865.024 1846692.295 1985180.666 2134054.649 2294093.088 2466133.235 2651075.131 2849886.312 3063606.872 3293354.907 3540332.358 3805831.306 4091240.726 4398053.758 4727875.517 5082431.487 5463576.553 5873304.703 6313759.457 6787245.085 7296238.661 7843403.02 8431600.691 9063908.871 9743635.524 10474336.69 11259835.08 12104240.08 13011969.27 13987771.48 15036751.7 16164397.73 17376608.95 18679727.11 20080569.57 21586464.93 23205291.4 24945517.97 26816248.77 28827270.65 30989104.41 33313059.84 35811294.87 38496879.2 41383862.65 44487348.67 47823573.36 51409990.43 55265362.46 59409859.11 63865162.58 68654581.13 73803170.92 79337867.17 85287625.01 91683571.04 98559166.09 105950380.3 113895881.4 122437236.7 131619131 141489600 152100281.7 163506686.7 175768488.4 188949835.2 203119686.3 218352172.3 234726982.9 252329784.2 271252666.4 291594625.9 313462083.1 336969439.1 362239674.3 389404991.7 418607508.6 450000000
0.0 0.1 0.2 0.3 0.4 0.5 0.6 0.7 0.8 0.9 1.0
-2.86124E+01 0.00000E+00 0.00000E+00 0.00000E+00 3.95319E-01 9.71024E-01 6.95202E+00
-2.69365E+01 0.00000E+00 0.00000E+00 0.00000E+00 4.09862E-01 9.71762E-01 6.91698E+00
-2.52406E+01 0.00000E+00 0.00000E+00 0.00000E+00 4.24578E-01 9.72509E-01 6.88189E+00
-2.35249E+01 0.00000E+00 0.00000E+00 0.00000E+00 4.39466E-01 9.73265E-01 6.84674E+00
-2.17893E+01 0.00000E+00 0.00000E+00 0.00000E+00 4.54526E-01 9.74030E-01 6.81155E+00
-2.00338E+01 0.00000E+00 0.00000E+00 0.00000E+00 4.69760E-01 9.74803E-01 6.77633E+00
-1.82584E+01 0.00000E+00 0.00000E+00 0.00000E+00 4.85166E-01 9.75585E-01 6.74107E+00
-1.64631E+01 0.00000E+00 0.00000E+00 0.00000E+00 5.00745E-01 9.76376E-01 6.70579E+00
-1.46479E+01 0.00000E+00 0.00000E+00 0.00000E+00 5.16496E-01 9.77176E-01 6.67049E+00
-1.28128E+01 0.00000E+00 0.00000E+00 0.00000E+00 5.32420E-01 9.77984E-01 6.63518E+00
-1.09579E+01 0.00000E+00 0.00000E+00 0.00000E+00 5.48517E-01 9.78801E-01 6.59986E+00
-9.08297E+00 0.00000E+00 0.00000E+00 0.00000E+00 5.64786E-01 9.79627E-01 6.56455E+00
-7.18820E+00 0.00000E+00 0.00000E+00 0.00000E+00 5.81228E-01 9.80462E-01 6.52924E+00
-5.27353E+00 0.00000E+00 0.00000E+00 0.00000E+00 5.97843E-01 9.81305E-01 6.49395E+00
-3.33897E+00 0.00000E+00 0.00000E+00 0.00000E+00 6.14630E-01 9.82157E-01 6.45867E+00
-1.58495E+00 0.00000E+00 0.00000E+00 0.00000E+00 6.29850E-01 9.82930E-01 6.42702E+00
-9.66796E-01 0.00000E+00 0.00000E+00 0.00000E+00 6.35214E-01 9.83202E-01 6.41594E+00
-3.43722E-01 0.00000E+00 0.00000E+00 0.00000E+00 6.40621E-01 9.83477E-01 6.40481E+00
2.82804E-01 0.00000E+00 0.00000E+00 0.00000E+00 6.46058E-01 9.83753E-01 6.39365E+00
9.11309E-01 0.00000E+00 0.00000E+00 0.00000E+00 6.51512E-01 9.84030E-01 6.38250E+00
1.54032E+00 0.00000E+00 0.00000E+00 0.00000E+00 6.56970E-01 9.84307E-01 6.37138E+00
2.16836E+00 0.00000E+00 0.00000E+00 0.00000E+00 6.62420E-01 9.84584E-01 6.36032E+00
2.79397E+00 0.00000E+00 0.00000E+00 0.00000E+00 6.67848E-01 9.84859E-01 6.34934E+00
3.41566E+00 0.00000E+00 0.00000E+00 0.00000E+00 6.73243E-01 9.85133E-01 6.33846E+00
4.03197E+00 0.00000E+00 0.00000E+00 0.00000E+00 6.78591E-01 9.85404E-01 6.32771E+00
4.64142E+00 0.00000E+00 0.00000E+00 0.00000E+00 6.83880E-01 9.85673E-01 6.31712E+00
5.24255E+00 0.00000E+00 0.00000E+00 0.00000E+00 6.89096E-01 9.85938E-01 6.30671E+00
5.83387E+00 0.00000E+00 0.00000E+00 0.00000E+00 6.94227E-01 9.86198E-01 6.29650E+00
6.41391E+00 0.00000E+00 0.00000E+00 0.00000E+00 6.99261E-01 9.86454E-01 6.28652E+00
6.98121E+00 0.00000E+00 0.00000E+00 0.00000E+00 7.04183E-01 9.86704E-01 6.27679E+00
7.53429E+00 0.00000E+00 0.00000E+00 0.00000E+00 7.08983E-01 9.86947E-01 6.26733E+00
8.07168E+00 0.00000E+00 0.00000E+00 0.00000E+00 7.13646E-01 9.87184E-01 6.25817E+00
8.59190E+00 0.00000E+00 0.00000E+00 0.00000E+00 7.18160E-01 9.87413E-01 6.24932E+00
9.09349E+00 0.00000E+00 0.00000E+00 0.00000E+00 7.22513E-01 9.87634E-01 6.24082E+00
9.57497E+00 0.00000E+00 0.00000E+00 0.00000E+00 7.26691E-01 9.87846E-01 6.23267E+00
1.00046E+01 0.00000E+00 0.00000E+00 0.00000E+00 7.30419E-01 9.88035E-01 6.22543E+00
1.01172E+01 0.00000E+00 0.00000E+00 0.00000E+00 7.31396E-01 9.88085E-01 6.22353E+00
1.02167E+01 0.00000E+00 0.00000E+00 0.00000E+00 7.32260E-01 9.88129E-01 6.22186E+00
1.03055E+01 0.00000E+00 0.00000E+00 0.00000E+00 7.33030E-01 9.88168E-01 6.22036E+00
1.03857E+01 0.00000E+00 0.00000E+00 0.00000E+00 7.33726E-01 9.88203E-01 6.21901E+00
1.04593E+01 0.00000E+00 0.00000E+00 0.00000E+00 7.34365E-01 9.88236E-01 6.21778E+00
1.05282E+01 0.00000E+00 0.00000E+00 0.00000E+00 7.34962E-01 9.88266E-01 6.21662E+00
1.05938E+01 0.00000E+00 0.00000E+00 0.00000E+00 7.35532E-01 9.88295E-01 6.21552E+00
1.06578E+01 0.00000E+00 0.00000E+00 0.00000E+00 7.36087E-01 9.88323E-01 6.21444E+00
1.07214E+01 0.00000E+00 0.00000E+00 0.00000E+00 7.36639E-01 9.88351E-01 6.21337E+00
1.07858E+01 0.00000E+00 0.00000E+00 0.00000E+00 7.37198E-01 9.88380E-01 6.21229E+00
1.08520E+01 0.00000E+00 0.00000E+00 0.00000E+00 7.37773E-01 9.88409E-01 6.21118E+00
1.09210E+01 0.00000E+00 0.00000E+00 0.00000E+00 7.38371E-01 9.88439E-01 6.21003E+00
1.09935E+01 0.00000E+00 0.00000E+00 0.00000E+00 7.39000E-01 9.88471E-01 6.20881E+00
1.10702E+01 0.00000E+00 0.00000E+00 0.00000E+00 7.39666E-01 9.88505E-01 6.20752E+00
1.11518E+01 0.00000E+00 0.00000E+00 0.00000E+00 7.40374E-01 9.88541E-01 6.20616E+00
1.12387E+01 0.00000E+00 0.00000E+00 0.00000E+00 7.41128E-01 9.88579E-01 6.20470E+00
1.13313E+01 0.00000E+00 0.00000E+00 0.00000E+00 7.41931E-01 9.88620E-01 6.20315E+00
1.14300E+01 0.00000E+00 0.00000E+00 0.00000E+00 7.42788E-01 9.88663E-01 6.20150E+00
1.15352E+01 0.00000E+00 0.00000E+00 0.00000E+00 7.43700E-01 9.88710E-01 6.19975E+00
1.16470E+01 0.00000E+00 0.00000E+00 0.00000E+00 7.44670E-01 9.88759E-01 6.19788E+00
1.17656E+01 0.00000E+00 0.00000E+00 0.00000E+00 7.45700E-01 9.88811E-01 6.19590E+00
1.18912E+01 0.00000E+00 0.00000E+00 0.00000E+00 7.46790E-01 9.88867E-01 6.19380E+00
1.20240E+01 0.00000E+00 0.00000E+00 0.00000E+00 7.47943E-01 9.88925E-01 6.19159E+00
1.21642E+01 0.00000E+00 0.00000E+00 0.00000E+00 7.49158E-01 9.88987E-01 6.18925E+00
1.23117E+01 0.00000E+00 0.00000E+00 0.00000E+00 7.50439E-01 9.89052E-01 6.18680E+00
1.24668E+01 0.00000E+00 0.00000E+00 0.00000E+00 7.51784E-01 9.89120E-01 6.18422E+00
1.26295E+01 0.00000E+00 0.00000E+00 0.00000E+00 7.53197E-01 9.89192E-01 6.18151E+00
1.28002E+01 0.00000E+00 0.00000E+00 0.00000E+00 7.54678E-01 9.89267E-01 6.17868E+00
1.29789E+01 0.00000E+00 0.00000E+00 0.00000E+00 7.56228E-01 9.89346E-01 6.17571E+00
1.31659E+01 0.00000E+00 0.00000E+00 0.00000E+00 7.57851E-01 9.89428E-01 6.17262E+00
1.33615E+01 0.00000E+00 0.00000E+00 0.00000E+00 7.59548E-01 9.89514E-01 6.16938E+00
1.35660E+01 0.00000E+00 0.00000E+00 0.00000E+00 7.61323E-01 9.89604E-01 6.16599E+00
1.37799E+01 0.00000E+00 0.00000E+00 0.00000E+00 7.63179E-01 9.89699E-01 6.16246E+00
1.40036E+01 0.00000E+00 0.00000E+00 0.00000E+00 7.65121E-01 9.89797E-01 6.15877E+00
1.42378E+01 0.00000E+00 0.00000E+00 0.00000E+00 7.67153E-01 9.89900E-01 6.15491E+00
1.44831E+01 0.00000E+00 0.00000E+00 0.00000E+00 7.69281E-01 9.90008E-01 6.15087E+00
1.47403E+01 0.00000E+00 0.00000E+00 0.00000E+00 7.71513E-01 9.90122E-01 6.14665E+00
1.50102E+01 0.00000E+00 0.00000E+00 0.00000E+00 7.73855E-01 9.90241E-01 6.14222E+00
1.52940E+01 0.00000E+00 0.00000E+00 0.00000E+00 7.76318E-01 9.90366E-01 6.13756E+00
1.55928E+01 0.00000E+00 0.00000E+00 0.00000E+00 7.78911E-01 9.90497E-01 6.13268E+00
1.59078E+01 0.00000E+00 0.00000E+00 0.00000E+00 7.81644E-01 9.90636E-01 6.12753E+00
1.62406E+01 0.00000E+00 0.00000E+00 0.00000E+00 7.84532E-01 9.90783E-01 6.12210E+00
1.65927E+01 0.00000E+00 0.00000E+00 0.00000E+00 7.87587E-01 9.90938E-01 6.11637E+00
1.69659E+01 0.00000E+00 0.00000E+00 0.00000E+00 7.90826E-01 9.91102E-01 6.11031E+00
1.73622E+01 0.00000E+00 0.00000E+00 0.00000E+00 7.94265E-01 9.91277E-01 6.10388E+00
1.77837E+01 0.00000E+00 0.00000E+00 0.00000E+00 7.97922E-01 9.91462E-01 6.09706E+00
1.82328E+01 0.00000E+00 0.00000E+00 0.00000E+00 8.01819E-01 9.91660E-01 6.08981E+00
1.87120E+01 0.00000E+00 0.00000E+00 0.00000E+00 8.05978E-01 9.91871E-01 6.08210E+00
1.92241E+01 0.00000E+00 0.00000E+00 0.00000E+00 8.10421E-01 9.92097E-01 6.07387E+00
1.97721E+01 0.00000E+00 0.00000E+00 0.00000E+00 8.15177E-01 9.92338E-01 6.06509E+00
2.03592E+01 0.00000E+00 0.00000E+00 0.00000E+00 8.20271E-01 9.92597E-01 6.05572E+00
2.09889E+01 0.00000E+00 0.00000E+00 0.00000E+00 8.25735E-01 9.92874E-01 6.04570E+00
2.16649E+01 0.00000E+00 0.00000E+00 0.00000E+00 8.31602E-01 9.93172E-01 6.03497E+00
2.23913E+01 0.00000E+00 0.00000E+00 0.00000E+00 8.37904E-01 9.93492E-01 6.02350E+00
2.31722E+01 0.00000E+00 0.00000E+00 0.00000E+00 8.44681E-01 9.93836E-01 6.01120E+00
2.40122E+01 0.00000E+00 0.00000E+00 0.00000E+00 8.51970E-01 9.94206E-01 5.99804E+00
2.49161E+01 0.00000E+00 0.00000E+00 0.00000E+00 8.59814E-01 9.94604E-01 5.98393E+00
2.58892E+01 0.00000E+00 0.00000E+00 0.00000E+00 8.68257E-01 9.95033E-01 5.96882E+00
2.69367E+01 0.00000E+00 0.00000E+00 0.00000E+00 8.77347E-01 9.95494E-01 5.95264E+00
2.80645E+01 0.00000E+00 0.00000E+00 0.00000E+00 8.87134E-01 9.95991E-01 5.93532E+00
2.92786E+01 0.00000E+00 0.00000E+00 0.00000E+00 8.97670E-01 9.96526E-01 5.91678E+00
3.05856E+01 0.00000E+00 0.00000E+00 0.00000E+00 9.09011E-01 9.97102E-01 5.89696E+00
3.19920E+01 0.00000E+00 0.00000E+00 0.00000E+00 9.21215E-01 9.97721E-01 5.87577E+00
3.35051E+01 0.00000E+00 0.00000E+00 0.00000E+00 9.34345E-01 9.98388E-01 5.85315E+00
-2.98150E+01 0.00000E+00 0.00000E+00 0.00000E+00 4.91280E-01 1.00000E+00 6.58784E+00
-2.81420E+01 0.00000E+00 0.00000E+00 0.00000E+00 4.87302E-01 9.99266E-01 6.59952E+00
-2.64485E+01 0.00000E+00 0.00000E+00 0.00000E+00 4.83275E-01 9.93286E-01 6.64138E+00
-2.47343E+01 0.00000E+00 0.00000E+00 0.00000E+00 4.79199E-01 9.87234E-01 6.68430E+00
-2.29994E+01 0.00000E+00 0.00000E+00 0.00000E+00 4.75074E-01 9.81108E-01 6.72830E+00
-2.12439E+01 5.24415E-03 1.79011E-02 0.00000E+00 4.70899E-01 9.74909E-01 6.73790E+00
-1.94678E+01 1.56256E-02 3.76186E-02 5.30556E-03 4.66676E-01 9.68638E-01 6.71312E+00
-1.76710E+01 2.75671E-02 5.75654E-02 1.24607E-02 4.62403E-01 9.62294E-01 6.67783E+00
-1.58535E+01 3.95188E-02 7.77413E-02 1.96981E-02 4.58081E-01 9.55876E-01 6.64251E+00
-1.40154E+01 5.14784E-02 9.81465E-02 2.70177E-02 4.53711E-01 9.49386E-01 6.60717E+00
-1.21567E+01 6.34435E-02 1.18781E-01 3.44196E-02 4.49291E-01 9.42823E-01 6.57181E+00
-1.02773E+01 7.54121E-02 1.39644E-01 4.19036E-02 4.44822E-01 9.36187E-01 6.53643E+00
-8.37726E+00 8.73818E-02 1.60737E-01 4.94699E-02 4.40304E-01 9.29478E-01 6.50106E+00
-6.45658E+00 9.93507E-02 1.82059E-01 5.71184E-02 4.35737E-01 9.22696E-01 6.46569E+00
-4.51525E+00 1.11317E-01 2.03610E-01 6.48491E-02 4.31120E-01 9.15842E-01 6.43032E+00
-2.55328E+00 1.23278E-01 2.25391E-01 7.26620E-02 4.26455E-01 9.08914E-01 6.39498E+00
-1.30923E+00 1.30794E-01 2.39201E-01 7.76160E-02 4.23497E-01 9.04521E-01 6.37276E+00
-6.65640E-01 1.34662E-01 2.46346E-01 8.01789E-02 4.21966E-01 9.02249E-01 6.36133E+00
-2.13528E-02 1.38520E-01 2.53498E-01 8.27446E-02 4.20434E-01 8.99974E-01 6.34993E+00
6.22633E-01 1.42363E-01 2.60647E-01 8.53091E-02 4.18903E-01 8.97700E-01 6.33857E+00
1.26532E+00 1.46184E-01 2.67782E-01 8.78684E-02 4.17375E-01 8.95431E-01 6.32728E+00
1.90572E+00 1.49978E-01 2.74891E-01 9.04186E-02 4.15852E-01 8.93169E-01 6.31607E+00
2.54284E+00 1.53740E-01 2.81964E-01 9.29557E-02 4.14337E-01 8.90920E-01 6.30495E+00
3.17567E+00 1.57463E-01 2.88989E-01 9.54757E-02 4.12832E-01 8.88685E-01 6.29395E+00
3.80323E+00 1.61142E-01 2.95956E-01 9.79748E-02 4.11340E-01 8.86469E-01 6.28307E+00
4.42451E+00 1.64772E-01 3.02853E-01 1.00449E-01 4.09863E-01 8.84276E-01 6.27235E+00
5.03853E+00 1.68347E-01 3.09670E-01 1.02894E-01 4.08402E-01 8.82108E-01 6.26178E+00
5.64430E+00 1.71862E-01 3.16394E-01 1.05306E-01 4.06962E-01 8.79969E-01 6.25139E+00
6.24080E+00 1.75313E-01 3.23016E-01 1.07682E-01 4.05544E-01 8.77862E-01 6.24119E+00
6.82706E+00 1.78693E-01 3.29524E-01 1.10016E-01 4.04150E-01 8.75792E-01 6.23120E+00
7.40207E+00 1.81998E-01 3.35908E-01 1.12306E-01 4.02782E-01 8.73762E-01 6.22144E+00
7.96484E+00 1.85222E-01 3.42155E-01 1.14547E-01 4.01444E-01 8.71775E-01 6.21191E+00
8.51438E+00 1.88361E-01 3.48256E-01 1.16735E-01 4.00137E-01 8.69835E-01 6.20263E+00
9.04969E+00 1.91410E-01 3.54198E-01 1.18867E-01 3.98864E-01 8.67944E-01 6.19362E+00
9.56977E+00 1.94363E-01 3.59972E-01 1.20938E-01 3.97628E-01 8.66108E-01 6.18489E+00
1.00736E+01 1.97217E-01 3.65566E-01 1.22945E-01 3.96430E-01 8.64329E-01 6.17646E+00
1.05603E+01 1.99966E-01 3.70968E-01 1.24883E-01 3.95272E-01 8.62611E-01 6.16834E+00
1.10287E+01 2.02605E-01 3.76168E-01 1.26748E-01 3.94158E-01 8.60957E-01 6.16054E+00
1.14780E+01 2.05129E-01 3.81155E-01 1.28537E-01 3.93090E-01 8.59370E-01 6.15308E+00
1.19070E+01 2.07535E-01 3.85918E-01 1.30245E-01 3.92070E-01 8.57855E-01 6.14597E+00
1.23149E+01 2.09816E-01 3.90446E-01 1.31870E-01 3.91100E-01 8.56415E-01 6.13923E+00
1.27407E+01 2.12192E-01 3.95173E-01 1.33565E-01 3.90088E-01 8.54912E-01 6.13220E+00
1.29069E+01 2.13119E-01 3.97019E-01 1.34227E-01 3.89692E-01 8.54325E-01 6.12946E+00
1.30705E+01 2.14030E-01 3.98834E-01 1.34879E-01 3.89303E-01 8.53747E-01 6.12677E+00
1.32324E+01 2.14930E-01 4.00632E-01 1.35524E-01 3.88918E-01 8.53175E-01 6.12411E+00
1.33938E+01 2.15827E-01 4.02424E-01 1.36166E-01 3.88535E-01 8.52606E-01 6.12146E+00
1.35556E+01 2.16726E-01 4.04220E-01 1.36811E-01 3.88150E-01 8.52034E-01 6.11880E+00
1.37187E+01 2.17631E-01 4.06030E-01 1.37460E-01 3.87762E-01 8.51458E-01 6.11613E+00
1.38838E+01 2.18546E-01 4.07863E-01 1.38117E-01 3.87369E-01 8.50876E-01 6.11343E+00
1.40516E+01 2.19475E-01 4.09726E-01 1.38786E-01 3.86970E-01 8.50283E-01 6.11068E+00
1.42228E+01 2.20422E-01 4.11626E-01 1.39467E-01 3.86563E-01 8.49679E-01 6.10788E+00
1.43978E+01 2.21390E-01 4.13570E-01 1.40164E-01 3.86147E-01 8.49061E-01 6.10502E+00
1.45772E+01 2.22381E-01 4.15561E-01 1.40879E-01 3.85720E-01 8.48427E-01 6.10209E+00
1.47615E+01 2.23397E-01 4.17607E-01 1.41613E-01 3.85282E-01 8.47776E-01 6.09909E+00
1.49509E+01 2.24442E-01 4.19710E-01 1.42367E-01 3.84832E-01 8.47108E-01 6.09600E+00
1.51459E+01 2.25515E-01 4.21874E-01 1.43143E-01 3.84368E-01 8.46419E-01 6.09283E+00
1.53468E+01 2.26620E-01 4.24105E-01 1.43943E-01 3.83890E-01 8.45710E-01 6.08956E+00
1.55539E+01 2.27758E-01 4.26403E-01 1.44768E-01 3.83398E-01 8.44979E-01 6.08620E+00
1.57674E+01 2.28930E-01 4.28774E-01 1.45618E-01 3.82890E-01 8.44225E-01 6.08274E+00
1.59876E+01 2.30137E-01 4.31218E-01 1.46495E-01 3.82367E-01 8.43447E-01 6.07917E+00
1.62148E+01 2.31381E-01 4.33741E-01 1.47400E-01 3.81826E-01 8.42645E-01 6.07549E+00
1.64493E+01 2.32664E-01 4.36344E-01 1.48334E-01 3.81269E-01 8.41817E-01 6.07170E+00
1.66913E+01 2.33985E-01 4.39030E-01 1.49297E-01 3.80694E-01 8.40962E-01 6.06780E+00
1.69410E+01 2.35348E-01 4.41802E-01 1.50292E-01 3.80100E-01 8.40081E-01 6.06377E+00
1.71989E+01 2.36752E-01 4.44665E-01 1.51319E-01 3.79486E-01 8.39170E-01 6.05962E+00
1.74652E+01 2.38201E-01 4.47622E-01 1.52379E-01 3.78853E-01 8.38230E-01 6.05534E+00
1.77404E+01 2.39696E-01 4.50676E-01 1.53475E-01 3.78199E-01 8.37258E-01 6.05092E+00
1.80247E+01 2.41238E-01 4.53833E-01 1.54607E-01 3.77523E-01 8.36254E-01 6.04636E+00
1.83188E+01 2.42831E-01 4.57098E-01 1.55778E-01 3.76823E-01 8.35216E-01 6.04166E+00
1.86231E+01 2.44476E-01 4.60476E-01 1.56990E-01 3.76100E-01 8.34141E-01 6.03679E+00
1.89382E+01 2.46177E-01 4.63974E-01 1.58245E-01 3.75351E-01 8.33029E-01 6.03177E+00
1.92648E+01 2.47937E-01 4.67599E-01 1.59545E-01 3.74574E-01 8.31876E-01 6.02656E+00
1.96035E+01 2.49759E-01 4.71360E-01 1.60895E-01 3.73768E-01 8.30679E-01 6.02118E+00
1.99553E+01 2.51648E-01 4.75265E-01 1.62295E-01 3.72932E-01 8.29437E-01 6.01560E+00
2.03210E+01 2.53608E-01 4.79324E-01 1.63752E-01 3.72062E-01 8.28146E-01 6.00980E+00
2.07016E+01 2.55644E-01 4.83550E-01 1.65267E-01 3.71157E-01 8.26802E-01 6.00379E+00
2.10982E+01 2.57762E-01 4.87953E-01 1.66847E-01 3.70214E-01 8.25402E-01 5.99753E+00
2.15121E+01 2.59966E-01 4.92547E-01 1.68495E-01 3.69230E-01 8.23940E-01 5.99101E+00
2.19446E+01 2.62265E-01 4.97348E-01 1.70217E-01 3.68202E-01 8.22413E-01 5.98422E+00
2.23971E+01 2.64664E-01 5.02371E-01 1.72019E-01 3.67126E-01 8.20816E-01 5.97713E+00
2.28712E+01 2.67172E-01 5.07635E-01 1.73907E-01 3.65998E-01 8.19142E-01 5.96972E+00
2.33687E+01 2.69797E-01 5.13157E-01 1.75888E-01 3.64815E-01 8.17385E-01 5.96196E+00
2.38914E+01 2.72548E-01 5.18960E-01 1.77969E-01 3.63572E-01 8.15539E-01 5.95383E+00
2.44414E+01 2.75434E-01 5.25066E-01 1.80160E-01 3.62265E-01 8.13597E-01 5.94530E+00
2.50208E+01 2.78466E-01 5.31498E-01 1.82467E-01 3.60887E-01 8.11552E-01 5.93634E+00
2.56320E+01 2.81654E-01 5.38283E-01 1.84901E-01 3.59434E-01 8.09393E-01 5.92692E+00
2.62775E+01 2.85010E-01 5.45449E-01 1.87471E-01 3.57899E-01 8.07114E-01 5.91700E+00
2.69600E+01 2.88546E-01 5.53026E-01 1.90189E-01 3.56276E-01 8.04704E-01 5.90655E+00
2.76824E+01 2.92276E-01 5.61045E-01 1.93066E-01 3.54558E-01 8.02153E-01 5.89553E+00
2.84478E+01 2.96212E-01 5.69542E-01 1.96114E-01 3.52738E-01 7.99451E-01 5.88390E+00
2.92594E+01 3.00369E-01 5.78552E-01 1.99346E-01 3.50808E-01 7.96585E-01 5.87161E+00
3.01208E+01 3.04762E-01 5.88115E-01 2.02776E-01 3.48760E-01 7.93544E-01 5.85863E+00
3.10356E+01 3.09406E-01 5.98270E-01 2.06419E-01 3.46584E-01 7.90313E-01 5.84490E+00
3.20078E+01 3.14317E-01 6.09062E-01 2.10290E-01 3.44273E-01 7.86881E-01 5.83039E+00
3.30414E+01 3.19512E-01 6.20537E-01 2.14406E-01 3.41815E-01 7.83231E-01 5.81503E+00
3.41409E+01 3.25009E-01 6.32743E-01 2.18785E-01 3.39200E-01 7.79349E-01 5.79879E+00
3.53109E+01 3.30824E-01 6.45731E-01 2.23444E-01 3.36418E-01 7.75218E-01 5.78161E+00
3.65562E+01 3.36976E-01 6.59556E-01 2.28403E-01 3.33457E-01 7.70821E-01 5.76342E+00
3.78820E+01 3.43483E-01 6.74274E-01 2.33683E-01 3.30304E-01 7.66139E-01 5.74419E+00
3.92936E+01 3.50364E-01 6.89944E-01 2.39304E-01 3.26948E-01 7.61155E-01 5.72386E+00
-3.11590E+01 0.00000E+00 0.00000E+00 0.00000E+00 4.52342E-01 1.00000E+00 6.66214E+00
-2.94910E+01 4.41597E-03 1.52783E-02 0.00000E+00 4.46519E-01 9.99331E-01 6.64780E+00
-2.78017E+01 1.00362E-02 3.45892E-02 0.00000E+00 4.40621E-01 9.90411E-01 6.67355E+00
-2.60910E+01 1.57723E-02 5.41450E-02 0.00000E+00 4.34648E-01 9.81378E-01 6.69982E+00
-2.43588E+01 2.16263E-02 7.39456E-02 0.00000E+00 4.28601E-01 9.72232E-01 6.72664E+00
-2.26052E+01 3.50493E-02 9.39911E-02 8.76216E-03 4.22479E-01 9.62972E-01 6.70227E+00
-2.08302E+01 4.96156E-02 1.14281E-01 1.89337E-02 4.16282E-01 9.53600E-01 6.67022E+00
-1.90338E+01 6.42165E-02 1.34817E-01 2.92280E-02 4.10010E-01 9.44114E-01 6.63809E+00
-1.72159E+01 7.88490E-02 1.55597E-01 3.96451E-02 4.03663E-01 9.34516E-01 6.60589E+00
-1.53766E+01 9.35102E-02 1.76622E-01 5.01849E-02 3.97242E-01 9.24804E-01 6.57363E+00
-1.35160E+01 1.08197E-01 1.97891E-01 6.08474E-02 3.90746E-01 9.14979E-01 6.54131E+00
-1.16338E+01 1.22907E-01 2.19406E-01 7.16327E-02 3.84175E-01 9.05041E-01 6.50894E+00
-9.73030E+00 1.37637E-01 2.41166E-01 8.25408E-02 3.77529E-01 8.94990E-01 6.47653E+00
-7.80535E+00 1.52384E-01 2.63170E-01 9.35716E-02 3.70808E-01 8.84826E-01 6.44407E+00
-5.85898E+00 1.67146E-01 2.85419E-01 1.04725E-01 3.64013E-01 8.74548E-01 6.41159E+00
-3.89118E+00 1.81920E-01 3.07913E-01 1.16001E-01 3.57143E-01 8.64158E-01 6.37908E+00
-1.90196E+00 1.96703E-01 3.30652E-01 1.27400E-01 3.50198E-01 8.53655E-01 6.34655E+00
-1.05412E+00 2.02958E-01 3.40344E-01 1.32259E-01 3.47238E-01 8.49178E-01 6.33279E+00
-4.02806E-01 2.07745E-01 3.47789E-01 1.35991E-01 3.44964E-01 8.45739E-01 6.32225E+00
2.49787E-01 2.12525E-01 3.55249E-01 1.39731E-01 3.42686E-01 8.42293E-01 6.31173E+00
9.02590E-01 2.17291E-01 3.62712E-01 1.43472E-01 3.40407E-01 8.38846E-01 6.30125E+00
1.55453E+00 2.22035E-01 3.70164E-01 1.47208E-01 3.38131E-01 8.35404E-01 6.29081E+00
2.20454E+00 2.26749E-01 3.77594E-01 1.50932E-01 3.35861E-01 8.31971E-01 6.28043E+00
2.85156E+00 2.31426E-01 3.84990E-01 1.54640E-01 3.33602E-01 8.28555E-01 6.27014E+00
3.49450E+00 2.36058E-01 3.92340E-01 1.58324E-01 3.31358E-01 8.25160E-01 6.25995E+00
4.13230E+00 2.40639E-01 3.99631E-01 1.61979E-01 3.29131E-01 8.21792E-01 6.24987E+00
4.76390E+00 2.45160E-01 4.06851E-01 1.65599E-01 3.26926E-01 8.18457E-01 6.23992E+00
5.38822E+00 2.49615E-01 4.13987E-01 1.69176E-01 3.24746E-01 8.15161E-01 6.23012E+00
6.00418E+00 2.53997E-01 4.21028E-01 1.72706E-01 3.22596E-01 8.11908E-01 6.22047E+00
6.61073E+00 2.58299E-01 4.27962E-01 1.76182E-01 3.20478E-01 8.08706E-01 6.21101E+00
7.20679E+00 2.62513E-01 4.34776E-01 1.79597E-01 3.18397E-01 8.05558E-01 6.20173E+00
7.79129E+00 2.66634E-01 4.41457E-01 1.82947E-01 3.16356E-01 8.02472E-01 6.19267E+00
8.36317E+00 2.70654E-01 4.47994E-01 1.86224E-01 3.14360E-01 7.99452E-01 6.18382E+00
8.92135E+00 2.74567E-01 4.54375E-01 1.89423E-01 3.12411E-01 7.96505E-01 6.17521E+00
9.46476E+00 2.78365E-01 4.60587E-01 1.92537E-01 3.10514E-01 7.93636E-01 6.16685E+00
9.99233E+00 2.82043E-01 4.66617E-01 1.95560E-01 3.08672E-01 7.90850E-01 6.15876E+00
1.05030E+01 2.85594E-01 4.72455E-01 1.98486E-01 3.06889E-01 7.88154E-01 6.15094E+00
1.09957E+01 2.89012E-01 4.78087E-01 2.01309E-01 3.05169E-01 7.85552E-01 6.14342E+00
1.14693E+01 2.92290E-01 4.83501E-01 2.04024E-01 3.03515E-01 7.83051E-01 6.13621E+00
1.19229E+01 2.95421E-01 4.88685E-01 2.06622E-01 3.01932E-01 7.80657E-01 6.12932E+00
1.23552E+01 2.98399E-01 4.93628E-01 2.09100E-01 3.00423E-01 7.78374E-01 6.12277E+00
1.27653E+01 3.01218E-01 4.98315E-01 2.11450E-01 2.98991E-01 7.76208E-01 6.11656E+00
1.31520E+01 3.03872E-01 5.02736E-01 2.13666E-01 2.97641E-01 7.74166E-01 6.11073E+00
1.35144E+01 3.06353E-01 5.06879E-01 2.15743E-01 2.96376E-01 7.72253E-01 6.10526E+00
1.38513E+01 3.08656E-01 5.10730E-01 2.17673E-01 2.95199E-01 7.70474E-01 6.10020E+00
1.41618E+01 3.10776E-01 5.14279E-01 2.19452E-01 2.94115E-01 7.68835E-01 6.09553E+00
1.44555E+01 3.12777E-01 5.17636E-01 2.21135E-01 2.93090E-01 7.67284E-01 6.09113E+00
1.47285E+01 3.14636E-01 5.20757E-01 2.22700E-01 2.92137E-01 7.65842E-01 6.08704E+00
1.49852E+01 3.16381E-01 5.23692E-01 2.24171E-01 2.91241E-01 7.64487E-01 6.08320E+00
1.52295E+01 3.18039E-01 5.26485E-01 2.25571E-01 2.90388E-01 7.63197E-01 6.07955E+00
1.54649E+01 3.19635E-01 5.29175E-01 2.26920E-01 2.89566E-01 7.61954E-01 6.07604E+00
1.56945E+01 3.21190E-01 5.31800E-01 2.28236E-01 2.88764E-01 7.60741E-01 6.07261E+00
1.59212E+01 3.22724E-01 5.34391E-01 2.29534E-01 2.87973E-01 7.59545E-01 6.06924E+00
1.61473E+01 3.24252E-01 5.36975E-01 2.30830E-01 2.87184E-01 7.58351E-01 6.06588E+00
1.63750E+01 3.25789E-01 5.39578E-01 2.32135E-01 2.86389E-01 7.57148E-01 6.06250E+00
1.66062E+01 3.27348E-01 5.42221E-01 2.33460E-01 2.85581E-01 7.55928E-01 6.05907E+00
1.68424E+01 3.28939E-01 5.44922E-01 2.34814E-01 2.84757E-01 7.54680E-01 6.05556E+00
1.70851E+01 3.30572E-01 5.47696E-01 2.36204E-01 2.83909E-01 7.53399E-01 6.05197E+00
1.73353E+01 3.32253E-01 5.50556E-01 2.37638E-01 2.83036E-01 7.52078E-01 6.04827E+00
1.75939E+01 3.33988E-01 5.53512E-01 2.39120E-01 2.82133E-01 7.50712E-01 6.04445E+00
1.78617E+01 3.35783E-01 5.56573E-01 2.40654E-01 2.81198E-01 7.49298E-01 6.04050E+00
1.81392E+01 3.37640E-01 5.59745E-01 2.42245E-01 2.80229E-01 7.47833E-01 6.03642E+00
1.84268E+01 3.39562E-01 5.63032E-01 2.43893E-01 2.79225E-01 7.46314E-01 6.03219E+00
1.87248E+01 3.41552E-01 5.66439E-01 2.45600E-01 2.78185E-01 7.44741E-01 6.02781E+00
1.90334E+01 3.43608E-01 5.69967E-01 2.47369E-01 2.77107E-01 7.43111E-01 6.02328E+00
1.93527E+01 3.45733E-01 5.73617E-01 2.49199E-01 2.75993E-01 7.41425E-01 6.01861E+00
1.96828E+01 3.47926E-01 5.77390E-01 2.51090E-01 2.74840E-01 7.39683E-01 6.01378E+00
2.00236E+01 3.50187E-01 5.81286E-01 2.53043E-01 2.73650E-01 7.37883E-01 6.00881E+00
2.03751E+01 3.52514E-01 5.85304E-01 2.55057E-01 2.72423E-01 7.36027E-01 6.00369E+00
2.07373E+01 3.54909E-01 5.89445E-01 2.57133E-01 2.71158E-01 7.34114E-01 5.99842E+00
2.11103E+01 3.57370E-01 5.93708E-01 2.59270E-01 2.69856E-01 7.32145E-01 5.99300E+00
2.14940E+01 3.59897E-01 5.98094E-01 2.61469E-01 2.68517E-01 7.30119E-01 5.98744E+00
2.18885E+01 3.62491E-01 6.02604E-01 2.63730E-01 2.67139E-01 7.28036E-01 5.98173E+00
2.22941E+01 3.65153E-01 6.07241E-01 2.66054E-01 2.65723E-01 7.25894E-01 5.97588E+00
2.27111E+01 3.67883E-01 6.12007E-01 2.68443E-01 2.64268E-01 7.23692E-01 5.96987E+00
2.31398E+01 3.70685E-01 6.16907E-01 2.70900E-01 2.62771E-01 7.21429E-01 5.96370E+00
2.35808E+01 3.73561E-01 6.21949E-01 2.73427E-01 2.61231E-01 7.19100E-01 5.95737E+00
2.40349E+01 3.76516E-01 6.27139E-01 2.76029E-01 2.59646E-01 7.16702E-01 5.95087E+00
2.45029E+01 3.79555E-01 6.32490E-01 2.78712E-01 2.58012E-01 7.14231E-01 5.94418E+00
2.49861E+01 3.82685E-01 6.38013E-01 2.81480E-01 2.56325E-01 7.11680E-01 5.93729E+00
2.54857E+01 3.85914E-01 6.43724E-01 2.84343E-01 2.54581E-01 7.09042E-01 5.93019E+00
2.60033E+01 3.89252E-01 6.49641E-01 2.87309E-01 2.52773E-01 7.06309E-01 5.92285E+00
2.65409E+01 3.92709E-01 6.55786E-01 2.90390E-01 2.50897E-01 7.03470E-01 5.91524E+00
2.71005E+01 3.96299E-01 6.62183E-01 2.93597E-01 2.48943E-01 7.00515E-01 5.90734E+00
2.76847E+01 4.00035E-01 6.68861E-01 2.96944E-01 2.46903E-01 6.97431E-01 5.89912E+00
2.82962E+01 4.03936E-01 6.75851E-01 3.00449E-01 2.44768E-01 6.94202E-01 5.89053E+00
2.89382E+01 4.08019E-01 6.83190E-01 3.04128E-01 2.42527E-01 6.90812E-01 5.88155E+00
2.96143E+01 4.12305E-01 6.90918E-01 3.08002E-01 2.40167E-01 6.87242E-01 5.87212E+00
3.03283E+01 4.16817E-01 6.99080E-01 3.12093E-01 2.37674E-01 6.83472E-01 5.86219E+00
3.10846E+01 4.21579E-01 7.07725E-01 3.16427E-01 2.35034E-01 6.79479E-01 5.85171E+00
3.18879E+01 4.26619E-01 7.16908E-01 3.21030E-01 2.32229E-01 6.75237E-01 5.84062E+00
3.27435E+01 4.31966E-01 7.26689E-01 3.25933E-01 2.29242E-01 6.70719E-01 5.82885E+00
3.36571E+01 4.37651E-01 7.37132E-01 3.31169E-01 2.26052E-01 6.65895E-01 5.81634E+00
3.46348E+01 4.43709E-01 7.48309E-01 3.36772E-01 2.22639E-01 6.60732E-01 5.80301E+00
3.56835E+01 4.50175E-01 7.60296E-01 3.42781E-01 2.18978E-01 6.55195E-01 5.78878E+00
3.68103E+01 4.57088E-01 7.73176E-01 3.49238E-01 2.15044E-01 6.49246E-01 5.77357E+00
3.80230E+01 4.64488E-01 7.87039E-01 3.56187E-01 2.10810E-01 6.42842E-01 5.75729E+00
3.93301E+01 4.72417E-01 8.01981E-01 3.63677E-01 2.06246E-01 6.35940E-01 5.73984E+00
4.07405E+01 4.80919E-01 8.18104E-01 3.71760E-01 2.01322E-01 6.28493E-01 5.72113E+00
4.22639E+01 4.90040E-01 8.35518E-01 3.80490E-01 1.96004E-01 6.20449E-01 5.70106E+00
-3.26672E+01 2.43145E-02 8.41762E-02 0.00000E+00 3.97789E-01 9.93338E-01 6.64360E+00
-3.10064E+01 2.95691E-02 1.01816E-01 0.00000E+00 3.92137E-01 9.83121E-01 6.67961E+00
-2.93235E+01 3.49526E-02 1.19692E-01 0.00000E+00 3.86409E-01 9.72767E-01 6.71650E+00
-2.76182E+01 4.57810E-02 1.37804E-01 6.31972E-03 3.80606E-01 9.62276E-01 6.71690E+00
-2.58907E+01 6.08761E-02 1.56152E-01 1.77340E-02 3.74727E-01 9.51648E-01 6.68794E+00
-2.41409E+01 7.60337E-02 1.74737E-01 2.92954E-02 3.68772E-01 9.40883E-01 6.65886E+00
-2.23689E+01 9.12502E-02 1.93559E-01 4.10038E-02 3.62742E-01 9.29981E-01 6.62966E+00
-2.05747E+01 1.06522E-01 2.12617E-01 5.28593E-02 3.56635E-01 9.18943E-01 6.60036E+00
-1.87581E+01 1.21847E-01 2.31911E-01 6.48618E-02 3.50453E-01 9.07767E-01 6.57096E+00
-1.69194E+01 1.37221E-01 2.51441E-01 7.70113E-02 3.44196E-01 8.96455E-01 6.54146E+00
-1.50583E+01 1.52642E-01 2.71208E-01 8.93079E-02 3.37862E-01 8.85005E-01 6.51187E+00
-1.31750E+01 1.68105E-01 2.91211E-01 1.01752E-01 3.31453E-01 8.73419E-01 6.48220E+00
-1.12695E+01 1.83608E-01 3.11451E-01 1.14342E-01 3.24968E-01 8.61696E-01 6.45246E+00
-9.34171E+00 1.99148E-01 3.31927E-01 1.27080E-01 3.18407E-01 8.49836E-01 6.42264E+00
-7.39167E+00 2.14723E-01 3.52639E-01 1.39965E-01 3.11771E-01 8.37839E-01 6.39276E+00
-5.41936E+00 2.30328E-01 3.73588E-01 1.52996E-01 3.05059E-01 8.25705E-01 6.36282E+00
-3.42481E+00 2.45961E-01 3.94773E-01 1.66175E-01 2.98271E-01 8.13434E-01 6.33282E+00
-1.50900E+00 2.60839E-01 4.15122E-01 1.78834E-01 2.91751E-01 8.01648E-01 6.30428E+00
-8.47690E-01 2.65944E-01 4.22146E-01 1.83203E-01 2.89500E-01 7.97579E-01 6.29448E+00
-1.84944E-01 2.71043E-01 4.29185E-01 1.87582E-01 2.87245E-01 7.93502E-01 6.28470E+00
4.78266E-01 2.76131E-01 4.36229E-01 1.91964E-01 2.84988E-01 7.89422E-01 6.27494E+00
1.14097E+00 2.81199E-01 4.43268E-01 1.96343E-01 2.82732E-01 7.85345E-01 6.26521E+00
1.80219E+00 2.86239E-01 4.50291E-01 2.00712E-01 2.80482E-01 7.81277E-01 6.25554E+00
2.46096E+00 2.91246E-01 4.57288E-01 2.05065E-01 2.78240E-01 7.77224E-01 6.24594E+00
3.11631E+00 2.96212E-01 4.64249E-01 2.09395E-01 2.76010E-01 7.73192E-01 6.23641E+00
3.76725E+00 3.01129E-01 4.71163E-01 2.13696E-01 2.73795E-01 7.69187E-01 6.22697E+00
4.41282E+00 3.05991E-01 4.78020E-01 2.17962E-01 2.71598E-01 7.65216E-01 6.21765E+00
5.05205E+00 3.10790E-01 4.84810E-01 2.22185E-01 2.69422E-01 7.61283E-01 6.20844E+00
5.68396E+00 3.15521E-01 4.91521E-01 2.26361E-01 2.67272E-01 7.57395E-01 6.19936E+00
6.30757E+00 3.20177E-01 4.98145E-01 2.30481E-01 2.65149E-01 7.53559E-01 6.19043E+00
6.92192E+00 3.24750E-01 5.04670E-01 2.34540E-01 2.63058E-01 7.49779E-01 6.18165E+00
7.52604E+00 3.29234E-01 5.11087E-01 2.38532E-01 2.61003E-01 7.46063E-01 6.17305E+00
8.11894E+00 3.33623E-01 5.17384E-01 2.42450E-01 2.58985E-01 7.42415E-01 6.16463E+00
8.69967E+00 3.37910E-01 5.23553E-01 2.46287E-01 2.57008E-01 7.38842E-01 6.15640E+00
9.26723E+00 3.42088E-01 5.29581E-01 2.50037E-01 2.55077E-01 7.35351E-01 6.14839E+00
9.82067E+00 3.46153E-01 5.35459E-01 2.53694E-01 2.53193E-01 7.31946E-01 6.14059E+00
1.03590E+01 3.50096E-01 5.41177E-01 2.57251E-01 2.51361E-01 7.28634E-01 6.13302E+00
1.08813E+01 3.53913E-01 5.46724E-01 2.60701E-01 2.49584E-01 7.25421E-01 6.12570E+00
1.13865E+01 3.57596E-01 5.52090E-01 2.64039E-01 2.47865E-01 7.22313E-01 6.11863E+00
1.18737E+01 3.61140E-01 5.57265E-01 2.67258E-01 2.46207E-01 7.19315E-01 6.11183E+00
1.23418E+01 3.64539E-01 5.62238E-01 2.70352E-01 2.44613E-01 7.16435E-01 6.10531E+00
1.27901E+01 3.67785E-01 5.66999E-01 2.73314E-01 2.43088E-01 7.13677E-01 6.09908E+00
1.32174E+01 3.70874E-01 5.71537E-01 2.76137E-01 2.41634E-01 7.11049E-01 6.09316E+00
1.36227E+01 3.73799E-01 5.75843E-01 2.78815E-01 2.40254E-01 7.08555E-01 6.08754E+00
1.40052E+01 3.76553E-01 5.79905E-01 2.81343E-01 2.38952E-01 7.06202E-01 6.08226E+00
1.43638E+01 3.79132E-01 5.83714E-01 2.83712E-01 2.37732E-01 7.03995E-01 6.07731E+00
1.46976E+01 3.81528E-01 5.87260E-01 2.85918E-01 2.36596E-01 7.01942E-01 6.07271E+00
1.49989E+01 3.83688E-01 5.90460E-01 2.87908E-01 2.35571E-01 7.00088E-01 6.06857E+00
1.53447E+01 3.86163E-01 5.94132E-01 2.90193E-01 2.34394E-01 6.97961E-01 6.06382E+00
1.56709E+01 3.88494E-01 5.97597E-01 2.92348E-01 2.33284E-01 6.95954E-01 6.05935E+00
1.59817E+01 3.90712E-01 6.00898E-01 2.94402E-01 2.32226E-01 6.94042E-01 6.05509E+00
1.62807E+01 3.92843E-01 6.04074E-01 2.96378E-01 2.31208E-01 6.92202E-01 6.05100E+00
1.65713E+01 3.94911E-01 6.07160E-01 2.98297E-01 2.30220E-01 6.90415E-01 6.04703E+00
1.68563E+01 3.96938E-01 6.10188E-01 3.00181E-01 2.29250E-01 6.88661E-01 6.04315E+00
1.71384E+01 3.98940E-01 6.13184E-01 3.02045E-01 2.28290E-01 6.86926E-01 6.03930E+00
1.74200E+01 4.00937E-01 6.16175E-01 3.03905E-01 2.27331E-01 6.85194E-01 6.03547E+00
1.77030E+01 4.02941E-01 6.19181E-01 3.05775E-01 2.26368E-01 6.83452E-01 6.03163E+00
1.79892E+01 4.04965E-01 6.22221E-01 3.07666E-01 2.25394E-01 6.81692E-01 6.02775E+00
1.82801E+01 4.07019E-01 6.25310E-01 3.09588E-01 2.24404E-01 6.79902E-01 6.02380E+00
1.85769E+01 4.09113E-01 6.28464E-01 3.11550E-01 2.23394E-01 6.78076E-01 6.01979E+00
1.88809E+01 4.11254E-01 6.31692E-01 3.13558E-01 2.22360E-01 6.76206E-01 6.01568E+00
1.91927E+01 4.13448E-01 6.35004E-01 3.15619E-01 2.21298E-01 6.74287E-01 6.01147E+00
1.95132E+01 4.15699E-01 6.38408E-01 3.17736E-01 2.20208E-01 6.72316E-01 6.00715E+00
1.98429E+01 4.18012E-01 6.41910E-01 3.19915E-01 2.19086E-01 6.70287E-01 6.00271E+00
2.01823E+01 4.20388E-01 6.45514E-01 3.22157E-01 2.17931E-01 6.68200E-01 5.99815E+00
2.05315E+01 4.22831E-01 6.49224E-01 3.24465E-01 2.16742E-01 6.66051E-01 5.99347E+00
2.08910E+01 4.25341E-01 6.53043E-01 3.26840E-01 2.15519E-01 6.63839E-01 5.98865E+00
2.12609E+01 4.27919E-01 6.56971E-01 3.29284E-01 2.14260E-01 6.61563E-01 5.98370E+00
2.16413E+01 4.30566E-01 6.61011E-01 3.31797E-01 2.12965E-01 6.59223E-01 5.97863E+00
2.20322E+01 4.33281E-01 6.65164E-01 3.34380E-01 2.11635E-01 6.56818E-01 5.97341E+00
2.24339E+01 4.36067E-01 6.69430E-01 3.37034E-01 2.10268E-01 6.54347E-01 5.96807E+00
2.28463E+01 4.38921E-01 6.73810E-01 3.39759E-01 2.08864E-01 6.51810E-01 5.96259E+00
2.32696E+01 4.41846E-01 6.78307E-01 3.42556E-01 2.07424E-01 6.49206E-01 5.95698E+00
2.37040E+01 4.44842E-01 6.82921E-01 3.45427E-01 2.05945E-01 6.46533E-01 5.95123E+00
2.41499E+01 4.47910E-01 6.87656E-01 3.48372E-01 2.04428E-01 6.43790E-01 5.94535E+00
2.46074E+01 4.51053E-01 6.92516E-01 3.51395E-01 2.02871E-01 6.40975E-01 5.93932E+00
2.50771E+01 4.54273E-01 6.97505E-01 3.54499E-01 2.01272E-01 6.38086E-01 5.93314E+00
2.55596E+01 4.57573E-01 7.02630E-01 3.57687E-01 1.99630E-01 6.35117E-01 5.92681E+00
2.60557E+01 4.60959E-01 7.07899E-01 3.60965E-01 1.97942E-01 6.32065E-01 5.92031E+00
2.65663E+01 4.64436E-01 7.13322E-01 3.64339E-01 1.96204E-01 6.28924E-01 5.91364E+00
2.70925E+01 4.68011E-01 7.18911E-01 3.67815E-01 1.94414E-01 6.25687E-01 5.90678E+00
2.76356E+01 4.71693E-01 7.24680E-01 3.71404E-01 1.92565E-01 6.22345E-01 5.89972E+00
2.81972E+01 4.75491E-01 7.30645E-01 3.75115E-01 1.90654E-01 6.18890E-01 5.89243E+00
2.87793E+01 4.79417E-01 7.36827E-01 3.78961E-01 1.88673E-01 6.15309E-01 5.88490E+00
2.93837E+01 4.83483E-01 7.43248E-01 3.82955E-01 1.86616E-01 6.11591E-01 5.87709E+00
3.00131E+01 4.87706E-01 7.49932E-01 3.87113E-01 1.84474E-01 6.07719E-01 5.86899E+00
3.06700E+01 4.92101E-01 7.56910E-01 3.91454E-01 1.82239E-01 6.03677E-01 5.86056E+00
3.13576E+01 4.96688E-01 7.64213E-01 3.95997E-01 1.79899E-01 5.99447E-01 5.85176E+00
3.20792E+01 5.01487E-01 7.71877E-01 4.00764E-01 1.77443E-01 5.95008E-01 5.84255E+00
3.28386E+01 5.06521E-01 7.79943E-01 4.05782E-01 1.74858E-01 5.90336E-01 5.83289E+00
3.36400E+01 5.11815E-01 7.88456E-01 4.11078E-01 1.72131E-01 5.85405E-01 5.82273E+00
3.44881E+01 5.17398E-01 7.97463E-01 4.16681E-01 1.69245E-01 5.80188E-01 5.81202E+00
3.53877E+01 5.23298E-01 8.07019E-01 4.22625E-01 1.66183E-01 5.74653E-01 5.80070E+00
3.63445E+01 5.29547E-01 8.17181E-01 4.28947E-01 1.62927E-01 5.68767E-01 5.78871E+00
3.73644E+01 5.36180E-01 8.28014E-01 4.35686E-01 1.59456E-01 5.62492E-01 5.77598E+00
3.84538E+01 5.43233E-01 8.39585E-01 4.42884E-01 1.55749E-01 5.55790E-01 5.76245E+00
3.96198E+01 5.50746E-01 8.51969E-01 4.50588E-01 1.51781E-01 5.48617E-01 5.74804E+00
4.08698E+01 5.58758E-01 8.65246E-01 4.58848E-01 1.47526E-01 5.40927E-01 5.73267E+00
4.22119E+01 5.67313E-01 8.79501E-01 4.67715E-01 1.42959E-01 5.32670E-01 5.71625E+00
4.36548E+01 5.76455E-01 8.94827E-01 4.77249E-01 1.38048E-01 5.23793E-01 5.69871E+00
-3.46747E+01 5.02522E-02 1.71269E-01 0.00000E+00 3.40889E-01 9.65347E-01 6.74843E+00
-3.29457E+01 6.46232E-02 1.87763E-01 1.10565E-02 3.35721E-01 9.54041E-01 6.72755E+00
-3.12025E+01 7.98765E-02 2.04392E-01 2.32647E-02 3.30512E-01 9.42642E-01 6.70041E+00
-2.94450E+01 9.51302E-02 2.21157E-01 3.55726E-02 3.25259E-01 9.31151E-01 6.67327E+00
-2.76734E+01 1.10383E-01 2.38057E-01 4.79800E-02 3.19965E-01 9.19566E-01 6.64613E+00
-2.58875E+01 1.25633E-01 2.55093E-01 6.04870E-02 3.14628E-01 9.07889E-01 6.61899E+00
-2.40873E+01 1.40878E-01 2.72265E-01 7.30936E-02 3.09248E-01 8.96118E-01 6.59187E+00
-2.22730E+01 1.56119E-01 2.89572E-01 8.57998E-02 3.03826E-01 8.84255E-01 6.56475E+00
-2.04445E+01 1.71352E-01 3.07015E-01 9.86056E-02 2.98361E-01 8.72298E-01 6.53764E+00
-1.86017E+01 1.86577E-01 3.24594E-01 1.11511E-01 2.92854E-01 8.60249E-01 6.51055E+00
-1.67447E+01 2.01793E-01 3.42308E-01 1.24516E-01 2.87304E-01 8.48107E-01 6.48348E+00
-1.48735E+01 2.16997E-01 3.60158E-01 1.37620E-01 2.81712E-01 8.35871E-01 6.45642E+00
-1.29881E+01 2.32190E-01 3.78144E-01 1.50824E-01 2.76077E-01 8.23543E-01 6.42939E+00
-1.10884E+01 2.47368E-01 3.96265E-01 1.64128E-01 2.70400E-01 8.11121E-01 6.40238E+00
-9.17454E+00 2.62532E-01 4.14522E-01 1.77531E-01 2.64680E-01 7.98607E-01 6.37540E+00
-7.24645E+00 2.77680E-01 4.32914E-01 1.91034E-01 2.58918E-01 7.86000E-01 6.34844E+00
-5.30414E+00 2.92811E-01 4.51442E-01 2.04637E-01 2.53113E-01 7.73300E-01 6.32152E+00
-3.34761E+00 3.07923E-01 4.70106E-01 2.18339E-01 2.47266E-01 7.60506E-01 6.29463E+00
-1.37686E+00 3.23016E-01 4.88906E-01 2.32140E-01 2.41377E-01 7.47620E-01 6.26778E+00
6.08106E-01 3.38088E-01 5.07841E-01 2.46042E-01 2.35444E-01 7.34641E-01 6.24096E+00
-6.36336E-04 3.33479E-01 5.02034E-01 2.41778E-01 2.37264E-01 7.38621E-01 6.24916E+00
6.65388E-01 3.38521E-01 5.08387E-01 2.46443E-01 2.35273E-01 7.34266E-01 6.24019E+00
1.33151E+00 3.43549E-01 5.14741E-01 2.51108E-01 2.33283E-01 7.29911E-01 6.23124E+00
1.99676E+00 3.48555E-01 5.21087E-01 2.55767E-01 2.31294E-01 7.25561E-01 6.22233E+00
2.66017E+00 3.53534E-01 5.27416E-01 2.60413E-01 2.29312E-01 7.21223E-01 6.21347E+00
3.32076E+00 3.58478E-01 5.33717E-01 2.65039E-01 2.27338E-01 7.16903E-01 6.20468E+00
3.97756E+00 3.63379E-01 5.39983E-01 2.69639E-01 2.25375E-01 7.12609E-01 6.19595E+00
4.62960E+00 3.68231E-01 5.46203E-01 2.74205E-01 2.23426E-01 7.08345E-01 6.18732E+00
5.27590E+00 3.73027E-01 5.52368E-01 2.78731E-01 2.21495E-01 7.04119E-01 6.17879E+00
5.91550E+00 3.77761E-01 5.58469E-01 2.83211E-01 2.19583E-01 6.99937E-01 6.17036E+00
6.54742E+00 3.82425E-01 5.64497E-01 2.87636E-01 2.17695E-01 6.95805E-01 6.16206E+00
7.17070E+00 3.87012E-01 5.70443E-01 2.92001E-01 2.15832E-01 6.91730E-01 6.15390E+00
7.78435E+00 3.91518E-01 5.76297E-01 2.96299E-01 2.13998E-01 6.87717E-01 6.14589E+00
8.38741E+00 3.95933E-01 5.82049E-01 3.00522E-01 2.12196E-01 6.83774E-01 6.13803E+00
8.97890E+00 4.00254E-01 5.87692E-01 3.04664E-01 2.10428E-01 6.79906E-01 6.13034E+00
9.55785E+00 4.04472E-01 5.93215E-01 3.08719E-01 2.08698E-01 6.76121E-01 6.12283E+00
1.01233E+01 4.08582E-01 5.98608E-01 3.12679E-01 2.07008E-01 6.72423E-01 6.11552E+00
1.06743E+01 4.12577E-01 6.03864E-01 3.16537E-01 2.05361E-01 6.68821E-01 6.10841E+00
1.12098E+01 4.16451E-01 6.08973E-01 3.20288E-01 2.03761E-01 6.65319E-01 6.10152E+00
1.17288E+01 4.20198E-01 6.13924E-01 3.23923E-01 2.02210E-01 6.61925E-01 6.09485E+00
1.22305E+01 4.23812E-01 6.18710E-01 3.27436E-01 2.00710E-01 6.58645E-01 6.08842E+00
1.27138E+01 4.27286E-01 6.23320E-01 3.30821E-01 1.99266E-01 6.55484E-01 6.08224E+00
1.31778E+01 4.30615E-01 6.27746E-01 3.34070E-01 1.97879E-01 6.52450E-01 6.07632E+00
1.36215E+01 4.33791E-01 6.31978E-01 3.37177E-01 1.96554E-01 6.49549E-01 6.07066E+00
1.40438E+01 4.36810E-01 6.36008E-01 3.40135E-01 1.95291E-01 6.46788E-01 6.06529E+00
1.44440E+01 4.39665E-01 6.39824E-01 3.42937E-01 1.94095E-01 6.44171E-01 6.06021E+00
1.48208E+01 4.42349E-01 6.43419E-01 3.45577E-01 1.92969E-01 6.41707E-01 6.05544E+00
1.51785E+01 4.44893E-01 6.46831E-01 3.48082E-01 1.91900E-01 6.39368E-01 6.05091E+00
1.55592E+01 4.47597E-01 6.50463E-01 3.50748E-01 1.90762E-01 6.36879E-01 6.04610E+00
1.59225E+01 4.50173E-01 6.53928E-01 3.53292E-01 1.89677E-01 6.34504E-01 6.04152E+00
1.62717E+01 4.52645E-01 6.57260E-01 3.55738E-01 1.88633E-01 6.32220E-01 6.03712E+00
1.66102E+01 4.55038E-01 6.60488E-01 3.58108E-01 1.87622E-01 6.30007E-01 6.03286E+00
1.69406E+01 4.57371E-01 6.63640E-01 3.60422E-01 1.86634E-01 6.27847E-01 6.02871E+00
1.72655E+01 4.59662E-01 6.66740E-01 3.62697E-01 1.85663E-01 6.25722E-01 6.02463E+00
1.75873E+01 4.61927E-01 6.69809E-01 3.64951E-01 1.84702E-01 6.23618E-01 6.02060E+00
1.79079E+01 4.64181E-01 6.72868E-01 3.67196E-01 1.83743E-01 6.21522E-01 6.01659E+00
1.82291E+01 4.66437E-01 6.75932E-01 3.69446E-01 1.82783E-01 6.19421E-01 6.01258E+00
1.85526E+01 4.68705E-01 6.79017E-01 3.71711E-01 1.81817E-01 6.17306E-01 6.00854E+00
1.88796E+01 4.70995E-01 6.82137E-01 3.74001E-01 1.80840E-01 6.15168E-01 6.00446E+00
1.92113E+01 4.73315E-01 6.85301E-01 3.76324E-01 1.79848E-01 6.12999E-01 6.00034E+00
1.95488E+01 4.75672E-01 6.88521E-01 3.78688E-01 1.78839E-01 6.10792E-01 5.99614E+00
1.98929E+01 4.78072E-01 6.91803E-01 3.81097E-01 1.77811E-01 6.08542E-01 5.99187E+00
2.02443E+01 4.80519E-01 6.95155E-01 3.83559E-01 1.76761E-01 6.06244E-01 5.98752E+00
2.06037E+01 4.83018E-01 6.98583E-01 3.86075E-01 1.75687E-01 6.03895E-01 5.98307E+00
2.09714E+01 4.85572E-01 7.02091E-01 3.88651E-01 1.74588E-01 6.01490E-01 5.97853E+00
2.13479E+01 4.88182E-01 7.05683E-01 3.91288E-01 1.73463E-01 5.99028E-01 5.97388E+00
2.17336E+01 4.90852E-01 7.09362E-01 3.93988E-01 1.72310E-01 5.96506E-01 5.96913E+00
2.21287E+01 4.93582E-01 7.13131E-01 3.96755E-01 1.71129E-01 5.93923E-01 5.96427E+00
2.25334E+01 4.96374E-01 7.16991E-01 3.99590E-01 1.69920E-01 5.91277E-01 5.95931E+00
2.29479E+01 4.99229E-01 7.20946E-01 4.02493E-01 1.68681E-01 5.88566E-01 5.95423E+00
2.33725E+01 5.02149E-01 7.24996E-01 4.05466E-01 1.67412E-01 5.85790E-01 5.94903E+00
2.38074E+01 5.05133E-01 7.29144E-01 4.08511E-01 1.66113E-01 5.82947E-01 5.94372E+00
2.42527E+01 5.08184E-01 7.33392E-01 4.11630E-01 1.64782E-01 5.80035E-01 5.93829E+00
2.47087E+01 5.11303E-01 7.37742E-01 4.14824E-01 1.63419E-01 5.77053E-01 5.93274E+00
2.51759E+01 5.14492E-01 7.42199E-01 4.18096E-01 1.62023E-01 5.73998E-01 5.92707E+00
2.56546E+01 5.17753E-01 7.46765E-01 4.21448E-01 1.60592E-01 5.70868E-01 5.92127E+00
2.61453E+01 5.21089E-01 7.51446E-01 4.24884E-01 1.59126E-01 5.67660E-01 5.91533E+00
2.66486E+01 5.24504E-01 7.56247E-01 4.28409E-01 1.57622E-01 5.64369E-01 5.90925E+00
2.71652E+01 5.28002E-01 7.61175E-01 4.32027E-01 1.56078E-01 5.60990E-01 5.90303E+00
2.76961E+01 5.31589E-01 7.66239E-01 4.35745E-01 1.54491E-01 5.57519E-01 5.89665E+00
2.82422E+01 5.35271E-01 7.71449E-01 4.39570E-01 1.52859E-01 5.53948E-01 5.89009E+00
2.88048E+01 5.39055E-01 7.76816E-01 4.43510E-01 1.51178E-01 5.50269E-01 5.88336E+00
2.93852E+01 5.42950E-01 7.82353E-01 4.47574E-01 1.49443E-01 5.46474E-01 5.87643E+00
2.99851E+01 5.46967E-01 7.88075E-01 4.51776E-01 1.47650E-01 5.42552E-01 5.86928E+00
3.06063E+01 5.51115E-01 7.94000E-01 4.56126E-01 1.45794E-01 5.38490E-01 5.86190E+00
3.12508E+01 5.55408E-01 8.00148E-01 4.60639E-01 1.43868E-01 5.34276E-01 5.85426E+00
3.19209E+01 5.59860E-01 8.06541E-01 4.65332E-01 1.41865E-01 5.29894E-01 5.84634E+00
3.26193E+01 5.64487E-01 8.13203E-01 4.70223E-01 1.39778E-01 5.25328E-01 5.83811E+00
3.33487E+01 5.69306E-01 8.20162E-01 4.75332E-01 1.37598E-01 5.20558E-01 5.82953E+00
3.41125E+01 5.74337E-01 8.27447E-01 4.80681E-01 1.35315E-01 5.15564E-01 5.82058E+00
3.49140E+01 5.79600E-01 8.35093E-01 4.86294E-01 1.32920E-01 5.10322E-01 5.81122E+00
3.57572E+01 5.85117E-01 8.43137E-01 4.92199E-01 1.30400E-01 5.04809E-01 5.80140E+00
3.66462E+01 5.90915E-01 8.51617E-01 4.98425E-01 1.27743E-01 4.98996E-01 5.79108E+00
3.75855E+01 5.97018E-01 8.60577E-01 5.05003E-01 1.24936E-01 4.92854E-01 5.78022E+00
3.85802E+01 6.03456E-01 8.70066E-01 5.11969E-01 1.21963E-01 4.86351E-01 5.76877E+00
3.96355E+01 6.10259E-01 8.80132E-01 5.19360E-01 1.18810E-01 4.79450E-01 5.75666E+00
4.07572E+01 6.17459E-01 8.90833E-01 5.27215E-01 1.15457E-01 4.72115E-01 5.74385E+00
4.19516E+01 6.25090E-01 9.02226E-01 5.35580E-01 1.11888E-01 4.64306E-01 5.73027E+00
4.32253E+01 6.33187E-01 9.14376E-01 5.44500E-01 1.08081E-01 4.55977E-01 5.71586E+00
4.45853E+01 6.41789E-01 9.27350E-01 5.54024E-01 1.04017E-01 4.47084E-01 5.70056E+00
-3.63127E+01 1.16550E-01 2.64170E-01 4.53162E-02 2.81968E-01 9.16974E-01 6.69966E+00
-3.46743E+01 1.30209E-01 2.77895E-01 5.68927E-02 2.77923E-01 9.06178E-01 6.67628E+00
-3.30117E+01 1.43973E-01 2.91823E-01 6.86411E-02 2.73818E-01 8.95222E-01 6.65272E+00
-3.13246E+01 1.57839E-01 3.05955E-01 8.05613E-02 2.69653E-01 8.84105E-01 6.62899E+00
-2.96133E+01 1.71804E-01 3.20291E-01 9.26534E-02 2.65427E-01 8.72829E-01 6.60509E+00
-2.78777E+01 1.85866E-01 3.34831E-01 1.04917E-01 2.61142E-01 8.61391E-01 6.58102E+00
-2.61177E+01 2.00020E-01 3.49574E-01 1.17353E-01 2.56797E-01 8.49794E-01 6.55679E+00
-2.43334E+01 2.14264E-01 3.64521E-01 1.29961E-01 2.52391E-01 8.38036E-01 6.53241E+00
-2.25248E+01 2.28595E-01 3.79672E-01 1.42740E-01 2.47926E-01 8.26118E-01 6.50789E+00
-2.06918E+01 2.43008E-01 3.95026E-01 1.55692E-01 2.43400E-01 8.14040E-01 6.48322E+00
-1.88346E+01 2.57502E-01 4.10585E-01 1.68815E-01 2.38815E-01 8.01802E-01 6.45841E+00
-1.69530E+01 2.72073E-01 4.26347E-01 1.82110E-01 2.34169E-01 7.89403E-01 6.43347E+00
-1.50471E+01 2.86718E-01 4.42313E-01 1.95577E-01 2.29463E-01 7.76844E-01 6.40840E+00
-1.31169E+01 3.01434E-01 4.58482E-01 2.09215E-01 2.24697E-01 7.64125E-01 6.38322E+00
-1.11623E+01 3.16219E-01 4.74855E-01 2.23026E-01 2.19872E-01 7.51245E-01 6.35791E+00
-9.18344E+00 3.31068E-01 4.91432E-01 2.37009E-01 2.14986E-01 7.38205E-01 6.33250E+00
-7.18026E+00 3.45979E-01 5.08213E-01 2.51163E-01 2.10040E-01 7.25005E-01 6.30697E+00
-5.15275E+00 3.60949E-01 5.25197E-01 2.65489E-01 2.05034E-01 7.11645E-01 6.28135E+00
-3.10092E+00 3.75976E-01 5.42386E-01 2.79987E-01 1.99968E-01 6.98124E-01 6.25563E+00
-1.02477E+00 3.91056E-01 5.59778E-01 2.94657E-01 1.94842E-01 6.84443E-01 6.22982E+00
-5.30423E-01 3.94628E-01 5.63919E-01 2.98150E-01 1.93621E-01 6.81186E-01 6.22371E+00
1.31639E-01 3.99402E-01 5.69465E-01 3.02828E-01 1.91987E-01 6.76823E-01 6.21554E+00
7.95959E-01 4.04179E-01 5.75030E-01 3.07522E-01 1.90346E-01 6.72446E-01 6.20736E+00
1.46155E+00 4.08952E-01 5.80605E-01 3.12225E-01 1.88703E-01 6.68060E-01 6.19919E+00
2.12744E+00 4.13716E-01 5.86184E-01 3.16930E-01 1.87059E-01 6.63672E-01 6.19104E+00
2.79262E+00 4.18461E-01 5.91756E-01 3.21630E-01 1.85417E-01 6.59289E-01 6.18291E+00
3.45612E+00 4.23182E-01 5.97314E-01 3.26318E-01 1.83778E-01 6.54917E-01 6.17483E+00
4.11696E+00 4.27872E-01 6.02850E-01 3.30988E-01 1.82147E-01 6.50562E-01 6.16681E+00
4.77414E+00 4.32524E-01 6.08355E-01 3.35631E-01 1.80524E-01 6.46231E-01 6.15884E+00
5.42668E+00 4.37132E-01 6.13821E-01 3.40242E-01 1.78913E-01 6.41931E-01 6.15096E+00
6.07360E+00 4.41688E-01 6.19241E-01 3.44813E-01 1.77316E-01 6.37669E-01 6.14316E+00
6.71390E+00 4.46186E-01 6.24604E-01 3.49337E-01 1.75735E-01 6.33449E-01 6.13546E+00
7.34662E+00 4.50619E-01 6.29905E-01 3.53808E-01 1.74173E-01 6.29280E-01 6.12787E+00
7.97075E+00 4.54982E-01 6.35133E-01 3.58218E-01 1.72632E-01 6.25167E-01 6.12041E+00
8.58532E+00 4.59268E-01 6.40281E-01 3.62561E-01 1.71114E-01 6.21118E-01 6.11307E+00
9.18933E+00 4.63470E-01 6.45341E-01 3.66828E-01 1.69623E-01 6.17137E-01 6.10588E+00
9.78181E+00 4.67582E-01 6.50304E-01 3.71015E-01 1.68160E-01 6.13233E-01 6.09884E+00
1.03618E+01 4.71598E-01 6.55163E-01 3.75113E-01 1.66728E-01 6.09412E-01 6.09197E+00
1.09282E+01 4.75512E-01 6.59908E-01 3.79115E-01 1.65330E-01 6.05679E-01 6.08527E+00
1.14802E+01 4.79317E-01 6.64532E-01 3.83015E-01 1.63967E-01 6.02042E-01 6.07875E+00
1.20167E+01 4.83008E-01 6.69026E-01 3.86806E-01 1.62642E-01 5.98507E-01 6.07244E+00
1.25367E+01 4.86578E-01 6.73382E-01 3.90480E-01 1.61358E-01 5.95080E-01 6.06633E+00
1.30392E+01 4.90022E-01 6.77592E-01 3.94031E-01 1.60118E-01 5.91768E-01 6.06043E+00
1.35234E+01 4.93333E-01 6.81647E-01 3.97452E-01 1.58922E-01 5.88578E-01 6.05477E+00
1.39881E+01 4.96505E-01 6.85540E-01 4.00736E-01 1.57775E-01 5.85516E-01 6.04934E+00
1.44324E+01 4.99533E-01 6.89262E-01 4.03875E-01 1.56678E-01 5.82588E-01 6.04415E+00
1.48553E+01 5.02410E-01 6.92805E-01 4.06864E-01 1.55634E-01 5.79801E-01 6.03923E+00
1.52558E+01 5.05131E-01 6.96160E-01 4.09694E-01 1.54645E-01 5.77162E-01 6.03457E+00
1.56330E+01 5.07689E-01 6.99320E-01 4.12359E-01 1.53714E-01 5.74677E-01 6.03019E+00
1.60158E+01 5.10281E-01 7.02526E-01 4.15063E-01 1.52768E-01 5.72154E-01 6.02576E+00
1.64126E+01 5.12964E-01 7.05850E-01 4.17867E-01 1.51789E-01 5.69540E-01 6.02116E+00
1.67959E+01 5.15553E-01 7.09061E-01 4.20576E-01 1.50842E-01 5.67014E-01 6.01673E+00
1.71687E+01 5.18066E-01 7.12184E-01 4.23210E-01 1.49922E-01 5.64557E-01 6.01243E+00
1.75336E+01 5.20523E-01 7.15241E-01 4.25788E-01 1.49021E-01 5.62153E-01 6.00823E+00
1.78930E+01 5.22939E-01 7.18251E-01 4.28327E-01 1.48134E-01 5.59785E-01 6.00409E+00
1.82490E+01 5.25330E-01 7.21234E-01 4.30843E-01 1.47255E-01 5.57438E-01 6.00000E+00
1.86037E+01 5.27708E-01 7.24205E-01 4.33349E-01 1.46379E-01 5.55101E-01 5.99593E+00
1.89587E+01 5.30085E-01 7.27179E-01 4.35857E-01 1.45502E-01 5.52762E-01 5.99186E+00
1.93155E+01 5.32471E-01 7.30168E-01 4.38379E-01 1.44621E-01 5.50411E-01 5.98778E+00
1.96754E+01 5.34874E-01 7.33183E-01 4.40922E-01 1.43733E-01 5.48039E-01 5.98366E+00
2.00397E+01 5.37304E-01 7.36235E-01 4.43496E-01 1.42833E-01 5.45638E-01 5.97951E+00
2.04093E+01 5.39765E-01 7.39331E-01 4.46108E-01 1.41921E-01 5.43203E-01 5.97529E+00
2.07851E+01 5.42264E-01 7.42479E-01 4.48763E-01 1.40993E-01 5.40727E-01 5.97102E+00
2.11678E+01 5.44805E-01 7.45685E-01 4.51467E-01 1.40048E-01 5.38205E-01 5.96667E+00
2.15581E+01 5.47393E-01 7.48955E-01 4.54225E-01 1.39084E-01 5.35633E-01 5.96224E+00
2.19565E+01 5.50030E-01 7.52292E-01 4.57040E-01 1.38101E-01 5.33008E-01 5.95772E+00
2.23634E+01 5.52720E-01 7.55701E-01 4.59915E-01 1.37096E-01 5.30326E-01 5.95312E+00
2.27793E+01 5.55465E-01 7.59184E-01 4.62854E-01 1.36069E-01 5.27586E-01 5.94842E+00
2.32045E+01 5.58267E-01 7.62746E-01 4.65858E-01 1.35019E-01 5.24784E-01 5.94363E+00
2.36392E+01 5.61127E-01 7.66388E-01 4.68930E-01 1.33946E-01 5.21920E-01 5.93873E+00
2.40838E+01 5.64047E-01 7.70112E-01 4.72071E-01 1.32848E-01 5.18990E-01 5.93373E+00
2.45385E+01 5.67028E-01 7.73921E-01 4.75284E-01 1.31726E-01 5.15993E-01 5.92863E+00
2.50037E+01 5.70073E-01 7.77818E-01 4.78571E-01 1.30577E-01 5.12928E-01 5.92342E+00
2.54796E+01 5.73182E-01 7.81805E-01 4.81933E-01 1.29402E-01 5.09792E-01 5.91810E+00
2.59665E+01 5.76358E-01 7.85884E-01 4.85374E-01 1.28200E-01 5.06584E-01 5.91266E+00
2.64650E+01 5.79602E-01 7.90059E-01 4.88896E-01 1.26969E-01 5.03299E-01 5.90711E+00
2.69753E+01 5.82918E-01 7.94335E-01 4.92502E-01 1.25709E-01 4.99936E-01 5.90143E+00
2.74982E+01 5.86309E-01 7.98715E-01 4.96197E-01 1.24418E-01 4.96490E-01 5.89563E+00
2.80342E+01 5.89778E-01 8.03205E-01 4.99984E-01 1.23095E-01 4.92958E-01 5.88969E+00
2.85841E+01 5.93329E-01 8.07812E-01 5.03870E-01 1.21737E-01 4.89335E-01 5.88361E+00
2.91488E+01 5.96969E-01 8.12542E-01 5.07860E-01 1.20343E-01 4.85614E-01 5.87738E+00
2.97294E+01 6.00702E-01 8.17405E-01 5.11962E-01 1.18909E-01 4.81788E-01 5.87099E+00
3.03269E+01 6.04537E-01 8.22411E-01 5.16184E-01 1.17434E-01 4.77851E-01 5.86443E+00
3.09428E+01 6.08480E-01 8.27570E-01 5.20536E-01 1.15913E-01 4.73792E-01 5.85768E+00
3.15786E+01 6.12541E-01 8.32896E-01 5.25028E-01 1.14344E-01 4.69603E-01 5.85073E+00
3.22361E+01 6.16731E-01 8.38404E-01 5.29674E-01 1.12720E-01 4.65270E-01 5.84356E+00
3.29172E+01 6.21060E-01 8.44109E-01 5.34487E-01 1.11039E-01 4.60782E-01 5.83615E+00
3.36241E+01 6.25542E-01 8.50031E-01 5.39482E-01 1.09293E-01 4.56124E-01 5.82848E+00
3.43593E+01 6.30191E-01 8.56190E-01 5.44677E-01 1.07478E-01 4.51279E-01 5.82052E+00
3.51255E+01 6.35022E-01 8.62609E-01 5.50090E-01 1.05586E-01 4.46230E-01 5.81225E+00
3.59257E+01 6.40052E-01 8.69311E-01 5.55744E-01 1.03611E-01 4.40958E-01 5.80364E+00
3.67630E+01 6.45301E-01 8.76326E-01 5.61661E-01 1.01543E-01 4.35440E-01 5.79466E+00
3.76412E+01 6.50788E-01 8.83683E-01 5.67866E-01 9.93749E-02 4.29653E-01 5.78527E+00
3.85641E+01 6.56535E-01 8.91414E-01 5.74387E-01 9.70963E-02 4.23572E-01 5.77543E+00
3.95359E+01 6.62566E-01 8.99555E-01 5.81254E-01 9.46968E-02 4.17168E-01 5.76511E+00
4.05613E+01 6.68905E-01 9.08144E-01 5.88499E-01 9.21652E-02 4.10411E-01 5.75426E+00
4.16451E+01 6.75581E-01 9.17223E-01 5.96157E-01 8.94892E-02 4.03269E-01 5.74283E+00
4.27928E+01 6.82620E-01 9.26837E-01 6.04266E-01 8.66556E-02 3.95707E-01 5.73078E+00
4.40099E+01 6.90054E-01 9.37034E-01 6.12867E-01 8.36504E-02 3.87686E-01 5.71806E+00
4.53028E+01 6.97914E-01 9.47864E-01 6.22002E-01 8.04584E-02 3.79167E-01 5.70461E+00
-3.85581E+01 1.97770E-01 3.53093E-01 1.10203E-01 2.24563E-01 8.49598E-01 6.65305E+00
-3.69359E+01 2.10115E-01 3.64810E-01 1.21293E-01 2.21438E-01 8.39304E-01 6.63199E+00
-3.52880E+01 2.22576E-01 3.76712E-01 1.32558E-01 2.18263E-01 8.28847E-01 6.61073E+00
-3.36145E+01 2.35150E-01 3.88799E-01 1.43999E-01 2.15040E-01 8.18227E-01 6.58928E+00
-3.19153E+01 2.47833E-01 4.01072E-01 1.55615E-01 2.11766E-01 8.07445E-01 6.56765E+00
-3.01904E+01 2.60623E-01 4.13530E-01 1.67406E-01 2.08444E-01 7.96499E-01 6.54583E+00
-2.84399E+01 2.73517E-01 4.26174E-01 1.79373E-01 2.05071E-01 7.85390E-01 6.52383E+00
-2.66637E+01 2.86511E-01 4.39003E-01 1.91516E-01 2.01650E-01 7.74119E-01 6.50166E+00
-2.48618E+01 2.99604E-01 4.52017E-01 2.03834E-01 1.98179E-01 7.62685E-01 6.47933E+00
-2.30343E+01 3.12791E-01 4.65217E-01 2.16327E-01 1.94658E-01 7.51087E-01 6.45683E+00
-2.11811E+01 3.26070E-01 4.78602E-01 2.28996E-01 1.91088E-01 7.39327E-01 6.43418E+00
-1.93022E+01 3.39439E-01 4.92172E-01 2.41841E-01 1.87469E-01 7.27404E-01 6.41137E+00
-1.73977E+01 3.52893E-01 5.05928E-01 2.54860E-01 1.83800E-01 7.15319E-01 6.38842E+00
-1.54675E+01 3.66431E-01 5.19870E-01 2.68056E-01 1.80082E-01 7.03070E-01 6.36532E+00
-1.35116E+01 3.80050E-01 5.33996E-01 2.81427E-01 1.76314E-01 6.90658E-01 6.34209E+00
-1.15300E+01 3.93746E-01 5.48309E-01 2.94973E-01 1.72497E-01 6.78084E-01 6.31872E+00
-9.52282E+00 4.07518E-01 5.62806E-01 3.08695E-01 1.68630E-01 6.65346E-01 6.29523E+00
-7.48994E+00 4.21361E-01 5.77489E-01 3.22592E-01 1.64714E-01 6.52446E-01 6.27161E+00
-5.43139E+00 4.35274E-01 5.92357E-01 3.36664E-01 1.60748E-01 6.39383E-01 6.24788E+00
-3.34717E+00 4.49253E-01 6.07411E-01 3.50913E-01 1.56733E-01 6.26157E-01 6.22403E+00
-1.23728E+00 4.63296E-01 6.22650E-01 3.65336E-01 1.52669E-01 6.12768E-01 6.20008E+00
-7.07281E-01 4.66807E-01 6.26478E-01 3.68960E-01 1.51648E-01 6.09405E-01 6.19409E+00
3.86480E-02 4.71736E-01 6.31866E-01 3.74059E-01 1.50211E-01 6.04671E-01 6.18568E+00
7.73661E-01 4.76581E-01 6.37175E-01 3.79084E-01 1.48795E-01 6.00007E-01 6.17741E+00
1.49776E+00 4.81340E-01 6.42405E-01 3.84034E-01 1.47400E-01 5.95412E-01 6.16929E+00
2.21094E+00 4.86016E-01 6.47556E-01 3.88909E-01 1.46026E-01 5.90886E-01 6.16132E+00
2.91320E+00 4.90608E-01 6.52628E-01 3.93710E-01 1.44674E-01 5.86430E-01 6.15348E+00
3.60455E+00 4.95118E-01 6.57621E-01 3.98436E-01 1.43342E-01 5.82043E-01 6.14579E+00
4.28498E+00 4.99545E-01 6.62536E-01 4.03088E-01 1.42031E-01 5.77725E-01 6.13824E+00
4.95450E+00 5.03891E-01 6.67372E-01 4.07665E-01 1.40741E-01 5.73476E-01 6.13082E+00
5.61310E+00 5.08156E-01 6.72128E-01 4.12167E-01 1.39473E-01 5.69297E-01 6.12355E+00
6.26078E+00 5.12340E-01 6.76806E-01 4.16595E-01 1.38225E-01 5.65187E-01 6.11641E+00
6.89755E+00 5.16444E-01 6.81406E-01 4.20948E-01 1.36998E-01 5.61146E-01 6.10941E+00
7.52340E+00 5.20468E-01 6.85926E-01 4.25226E-01 1.35793E-01 5.57175E-01 6.10254E+00
8.13834E+00 5.24414E-01 6.90367E-01 4.29430E-01 1.34608E-01 5.53272E-01 6.09581E+00
8.74236E+00 5.28281E-01 6.94730E-01 4.33559E-01 1.33445E-01 5.49439E-01 6.08921E+00
9.33546E+00 5.32070E-01 6.99014E-01 4.37614E-01 1.32302E-01 5.45676E-01 6.08275E+00
9.91765E+00 5.35782E-01 7.03219E-01 4.41594E-01 1.31180E-01 5.41981E-01 6.07642E+00
1.04889E+01 5.39416E-01 7.07345E-01 4.45499E-01 1.30080E-01 5.38356E-01 6.07022E+00
1.10493E+01 5.42974E-01 7.11392E-01 4.49330E-01 1.29001E-01 5.34800E-01 6.06415E+00
1.15987E+01 5.46455E-01 7.15361E-01 4.53086E-01 1.27942E-01 5.31314E-01 6.05821E+00
1.21372E+01 5.49861E-01 7.19250E-01 4.56767E-01 1.26905E-01 5.27896E-01 6.05240E+00
1.26648E+01 5.53192E-01 7.23061E-01 4.60374E-01 1.25888E-01 5.24548E-01 6.04672E+00
1.31815E+01 5.56447E-01 7.26793E-01 4.63906E-01 1.24893E-01 5.21269E-01 6.04116E+00
1.36873E+01 5.59628E-01 7.30446E-01 4.67364E-01 1.23919E-01 5.18060E-01 6.03574E+00
1.41822E+01 5.62735E-01 7.34020E-01 4.70747E-01 1.22965E-01 5.14919E-01 6.03044E+00
1.46661E+01 5.65767E-01 7.37516E-01 4.74055E-01 1.22033E-01 5.11848E-01 6.02526E+00
1.51391E+01 5.68727E-01 7.40932E-01 4.77289E-01 1.21122E-01 5.08847E-01 6.02021E+00
1.56013E+01 5.71613E-01 7.44270E-01 4.80448E-01 1.20232E-01 5.05914E-01 6.01529E+00
1.60525E+01 5.74427E-01 7.47529E-01 4.83533E-01 1.19363E-01 5.03051E-01 6.01049E+00
1.64927E+01 5.77168E-01 7.50709E-01 4.86542E-01 1.18514E-01 5.00257E-01 6.00581E+00
1.69221E+01 5.79837E-01 7.53810E-01 4.89478E-01 1.17687E-01 4.97533E-01 6.00126E+00
1.73405E+01 5.82435E-01 7.56832E-01 4.92338E-01 1.16881E-01 4.94877E-01 5.99683E+00
1.77481E+01 5.84961E-01 7.59776E-01 4.95124E-01 1.16096E-01 4.92291E-01 5.99252E+00
1.81447E+01 5.87416E-01 7.62640E-01 4.97836E-01 1.15332E-01 4.89774E-01 5.98833E+00
1.85304E+01 5.89800E-01 7.65426E-01 5.00472E-01 1.14589E-01 4.87327E-01 5.98427E+00
1.88402E+01 5.91712E-01 7.67664E-01 5.02590E-01 1.13992E-01 4.85361E-01 5.98100E+00
1.92354E+01 5.94149E-01 7.70519E-01 5.05292E-01 1.13231E-01 4.82852E-01 5.97685E+00
1.96285E+01 5.96569E-01 7.73357E-01 5.07979E-01 1.12474E-01 4.80359E-01 5.97272E+00
2.00210E+01 5.98983E-01 7.76193E-01 5.10663E-01 1.11718E-01 4.77867E-01 5.96860E+00
2.04148E+01 6.01401E-01 7.79037E-01 5.13354E-01 1.10959E-01 4.75369E-01 5.96448E+00
2.08111E+01 6.03831E-01 7.81899E-01 5.16064E-01 1.10196E-01 4.72853E-01 5.96033E+00
2.12114E+01 6.06282E-01 7.84790E-01 5.18800E-01 1.09425E-01 4.70314E-01 5.95615E+00
2.16166E+01 6.08760E-01 7.87717E-01 5.21571E-01 1.08644E-01 4.67742E-01 5.95192E+00
2.20278E+01 6.11270E-01 7.90687E-01 5.24382E-01 1.07852E-01 4.65132E-01 5.94764E+00
2.24459E+01 6.13819E-01 7.93707E-01 5.27240E-01 1.07046E-01 4.62480E-01 5.94329E+00
2.28715E+01 6.16410E-01 7.96781E-01 5.30149E-01 1.06226E-01 4.59779E-01 5.93887E+00
2.33054E+01 6.19048E-01 7.99915E-01 5.33115E-01 1.05391E-01 4.57025E-01 5.93437E+00
2.37481E+01 6.21735E-01 8.03112E-01 5.36142E-01 1.04538E-01 4.54216E-01 5.92979E+00
2.42001E+01 6.24474E-01 8.06377E-01 5.39232E-01 1.03667E-01 4.51348E-01 5.92511E+00
2.46619E+01 6.27268E-01 8.09712E-01 5.42388E-01 1.02778E-01 4.48418E-01 5.92035E+00
2.51338E+01 6.30119E-01 8.13121E-01 5.45615E-01 1.01868E-01 4.45423E-01 5.91548E+00
2.56164E+01 6.33029E-01 8.16606E-01 5.48914E-01 1.00939E-01 4.42360E-01 5.91052E+00
2.61099E+01 6.36000E-01 8.20171E-01 5.52288E-01 9.99881E-02 4.39229E-01 5.90545E+00
2.66148E+01 6.39034E-01 8.23818E-01 5.55739E-01 9.90155E-02 4.36025E-01 5.90027E+00
2.71315E+01 6.42134E-01 8.27549E-01 5.59271E-01 9.80202E-02 4.32746E-01 5.89499E+00
2.76604E+01 6.45301E-01 8.31370E-01 5.62887E-01 9.70013E-02 4.29390E-01 5.88958E+00
2.82020E+01 6.48539E-01 8.35281E-01 5.66590E-01 9.59580E-02 4.25953E-01 5.88406E+00
2.87569E+01 6.51849E-01 8.39289E-01 5.70383E-01 9.48890E-02 4.22431E-01 5.87841E+00
2.93257E+01 6.55236E-01 8.43398E-01 5.74271E-01 9.37933E-02 4.18822E-01 5.87263E+00
2.99091E+01 6.58703E-01 8.47611E-01 5.78260E-01 9.26695E-02 4.15120E-01 5.86672E+00
3.05080E+01 6.62254E-01 8.51937E-01 5.82354E-01 9.15158E-02 4.11319E-01 5.86066E+00
3.11232E+01 6.65895E-01 8.56381E-01 5.86560E-01 9.03306E-02 4.07415E-01 5.85445E+00
3.17560E+01 6.69632E-01 8.60951E-01 5.90885E-01 8.91117E-02 4.03400E-01 5.84808E+00
3.24074E+01 6.73470E-01 8.65656E-01 5.95339E-01 8.78568E-02 3.99266E-01 5.84153E+00
3.30789E+01 6.77418E-01 8.70506E-01 5.99929E-01 8.65632E-02 3.95005E-01 5.83479E+00
3.37721E+01 6.81483E-01 8.75513E-01 6.04668E-01 8.52279E-02 3.90606E-01 5.82786E+00
3.44887E+01 6.85676E-01 8.80688E-01 6.09567E-01 8.38475E-02 3.86059E-01 5.82070E+00
3.52306E+01 6.90006E-01 8.86047E-01 6.14639E-01 8.24182E-02 3.81350E-01 5.81332E+00
3.60001E+01 6.94486E-01 8.91605E-01 6.19899E-01 8.09359E-02 3.76467E-01 5.80568E+00
3.67996E+01 6.99127E-01 8.97379E-01 6.25364E-01 7.93959E-02 3.71394E-01 5.79776E+00
3.76316E+01 7.03944E-01 9.03388E-01 6.31052E-01 7.77931E-02 3.66114E-01 5.78954E+00
3.84991E+01 7.08952E-01 9.09655E-01 6.36983E-01 7.61219E-02 3.60609E-01 5.78100E+00
3.94054E+01 7.14168E-01 9.16200E-01 6.43178E-01 7.43761E-02 3.54858E-01 5.77210E+00
4.03539E+01 7.19610E-01 9.23051E-01 6.49662E-01 7.25490E-02 3.48839E-01 5.76282E+00
4.13483E+01 7.25296E-01 9.30233E-01 6.56460E-01 7.06333E-02 3.42529E-01 5.75311E+00
4.23928E+01 7.31249E-01 9.37778E-01 6.63601E-01 6.86211E-02 3.35900E-01 5.74296E+00
4.34919E+01 7.37489E-01 9.45716E-01 6.71114E-01 6.65040E-02 3.28926E-01 5.73231E+00
4.46503E+01 7.44042E-01 9.54082E-01 6.79033E-01 6.42725E-02 3.21575E-01 5.72114E+00
4.58731E+01 7.50931E-01 9.62914E-01 6.87393E-01 6.19169E-02 3.13816E-01 5.70938E+00
-4.12042E+01 3.03448E-01 4.42077E-01 2.04660E-01 1.67786E-01 7.52114E-01 6.60885E+00
-3.96029E+01 3.14017E-01 4.51808E-01 2.14717E-01 1.65559E-01 7.42869E-01 6.59002E+00
-3.79741E+01 3.24705E-01 4.61705E-01 2.24947E-01 1.63293E-01 7.33466E-01 6.57098E+00
-3.63180E+01 3.35510E-01 4.71768E-01 2.35349E-01 1.60989E-01 7.23905E-01 6.55173E+00
-3.46345E+01 3.46429E-01 4.81998E-01 2.45923E-01 1.58648E-01 7.14186E-01 6.53228E+00
-3.29236E+01 3.57459E-01 4.92394E-01 2.56669E-01 1.56268E-01 7.04309E-01 6.51264E+00
-3.11853E+01 3.68597E-01 5.02956E-01 2.67586E-01 1.53850E-01 6.94274E-01 6.49280E+00
-2.94197E+01 3.79842E-01 5.13685E-01 2.78676E-01 1.51394E-01 6.84081E-01 6.47276E+00
-2.76267E+01 3.91191E-01 5.24580E-01 2.89937E-01 1.48900E-01 6.73730E-01 6.45255E+00
-2.58063E+01 4.02640E-01 5.35641E-01 3.01371E-01 1.46368E-01 6.63221E-01 6.43215E+00
-2.39585E+01 4.14188E-01 5.46869E-01 3.12977E-01 1.43798E-01 6.52554E-01 6.41158E+00
-2.20833E+01 4.25832E-01 5.58264E-01 3.24754E-01 1.41190E-01 6.41728E-01 6.39084E+00
-2.01808E+01 4.37569E-01 5.69824E-01 3.36704E-01 1.38543E-01 6.30745E-01 6.36993E+00
-1.82509E+01 4.49396E-01 5.81551E-01 3.48825E-01 1.35859E-01 6.19603E-01 6.34886E+00
-1.62936E+01 4.61312E-01 5.93444E-01 3.61118E-01 1.33136E-01 6.08304E-01 6.32764E+00
-1.43089E+01 4.73314E-01 6.05504E-01 3.73584E-01 1.30376E-01 5.96846E-01 6.30626E+00
-1.22968E+01 4.85398E-01 6.17730E-01 3.86221E-01 1.27577E-01 5.85230E-01 6.28473E+00
-1.02574E+01 4.97563E-01 6.30123E-01 3.99030E-01 1.24740E-01 5.73457E-01 6.26306E+00
-8.19058E+00 5.09806E-01 6.42682E-01 4.12012E-01 1.21865E-01 5.61525E-01 6.24125E+00
-6.09638E+00 5.22125E-01 6.55407E-01 4.25165E-01 1.18953E-01 5.49435E-01 6.21931E+00
-3.97480E+00 5.34517E-01 6.68298E-01 4.38490E-01 1.16001E-01 5.37187E-01 6.19724E+00
-1.82585E+00 5.46979E-01 6.81356E-01 4.51987E-01 1.13012E-01 5.24781E-01 6.17504E+00
-8.32659E-01 5.52708E-01 6.87391E-01 4.58225E-01 1.11631E-01 5.19047E-01 6.16483E+00
-7.75273E-02 5.57052E-01 6.91980E-01 4.62968E-01 1.10581E-01 5.14688E-01 6.15709E+00
6.67251E-01 5.61325E-01 6.96505E-01 4.67646E-01 1.09545E-01 5.10388E-01 6.14948E+00
1.40168E+00 5.65529E-01 7.00968E-01 4.72259E-01 1.08523E-01 5.06149E-01 6.14199E+00
2.12575E+00 5.69663E-01 7.05368E-01 4.76806E-01 1.07516E-01 5.01968E-01 6.13463E+00
2.83947E+00 5.73729E-01 7.09705E-01 4.81289E-01 1.06523E-01 4.97848E-01 6.12739E+00
3.54283E+00 5.77726E-01 7.13979E-01 4.85707E-01 1.05545E-01 4.93788E-01 6.12027E+00
4.23585E+00 5.81656E-01 7.18190E-01 4.90059E-01 1.04581E-01 4.89787E-01 6.11327E+00
4.91850E+00 5.85517E-01 7.22338E-01 4.94347E-01 1.03631E-01 4.85846E-01 6.10639E+00
5.59081E+00 5.89312E-01 7.26423E-01 4.98570E-01 1.02696E-01 4.81965E-01 6.09963E+00
6.25276E+00 5.93040E-01 7.30445E-01 5.02727E-01 1.01775E-01 4.78143E-01 6.09299E+00
6.90436E+00 5.96702E-01 7.34405E-01 5.06820E-01 1.00869E-01 4.74381E-01 6.08646E+00
7.54561E+00 6.00298E-01 7.38301E-01 5.10847E-01 9.99771E-02 4.70679E-01 6.08006E+00
8.17651E+00 6.03829E-01 7.42135E-01 5.14810E-01 9.90996E-02 4.67037E-01 6.07377E+00
8.79705E+00 6.07294E-01 7.45905E-01 5.18707E-01 9.82364E-02 4.63455E-01 6.06760E+00
9.40723E+00 6.10695E-01 7.49613E-01 5.22540E-01 9.73877E-02 4.59932E-01 6.06154E+00
1.00071E+01 6.14032E-01 7.53258E-01 5.26307E-01 9.65534E-02 4.56469E-01 6.05559E+00
1.05965E+01 6.17304E-01 7.56840E-01 5.30010E-01 9.57334E-02 4.53066E-01 6.04976E+00
1.11757E+01 6.20514E-01 7.60359E-01 5.33647E-01 9.49279E-02 4.49723E-01 6.04405E+00
1.17445E+01 6.23659E-01 7.63815E-01 5.37219E-01 9.41367E-02 4.46439E-01 6.03844E+00
1.23029E+01 6.26742E-01 7.67208E-01 5.40727E-01 9.33600E-02 4.43216E-01 6.03295E+00
1.28509E+01 6.29762E-01 7.70538E-01 5.44169E-01 9.25977E-02 4.40052E-01 6.02757E+00
1.33887E+01 6.32720E-01 7.73806E-01 5.47546E-01 9.18497E-02 4.36947E-01 6.02230E+00
1.39160E+01 6.35616E-01 7.77010E-01 5.50859E-01 9.11162E-02 4.33903E-01 6.01715E+00
1.44330E+01 6.38450E-01 7.80152E-01 5.54106E-01 9.03971E-02 4.30918E-01 6.01210E+00
1.49397E+01 6.41223E-01 7.83230E-01 5.57288E-01 8.96923E-02 4.27993E-01 6.00716E+00
1.54360E+01 6.43935E-01 7.86246E-01 5.60405E-01 8.90020E-02 4.25128E-01 6.00233E+00
1.59219E+01 6.46586E-01 7.89199E-01 5.63457E-01 8.83260E-02 4.22323E-01 5.99760E+00
1.63975E+01 6.49177E-01 7.92089E-01 5.66444E-01 8.76645E-02 4.19577E-01 5.99299E+00
1.68628E+01 6.51707E-01 7.94916E-01 5.69367E-01 8.70174E-02 4.16891E-01 5.98848E+00
1.73177E+01 6.54177E-01 7.97680E-01 5.72224E-01 8.63847E-02 4.14265E-01 5.98408E+00
1.77622E+01 6.56588E-01 8.00381E-01 5.75016E-01 8.57663E-02 4.11699E-01 5.97979E+00
1.81964E+01 6.58939E-01 8.03020E-01 5.77743E-01 8.51624E-02 4.09192E-01 5.97560E+00
1.86202E+01 6.61231E-01 8.05595E-01 5.80405E-01 8.45729E-02 4.06745E-01 5.97152E+00
1.90337E+01 6.63464E-01 8.08107E-01 5.83002E-01 8.39977E-02 4.04358E-01 5.96754E+00
1.94368E+01 6.65638E-01 8.10557E-01 5.85534E-01 8.34370E-02 4.02031E-01 5.96367E+00
1.98231E+01 6.67719E-01 8.12904E-01 5.87960E-01 8.28997E-02 3.99801E-01 5.95996E+00
2.02460E+01 6.69993E-01 8.15474E-01 5.90616E-01 8.23115E-02 3.97360E-01 5.95591E+00
2.06694E+01 6.72268E-01 8.18047E-01 5.93275E-01 8.17225E-02 3.94915E-01 5.95186E+00
2.10946E+01 6.74549E-01 8.20630E-01 5.95946E-01 8.11311E-02 3.92461E-01 5.94779E+00
2.15227E+01 6.76842E-01 8.23232E-01 5.98635E-01 8.05356E-02 3.89989E-01 5.94371E+00
2.19547E+01 6.79153E-01 8.25857E-01 6.01348E-01 7.99348E-02 3.87495E-01 5.93959E+00
2.23915E+01 6.81487E-01 8.28511E-01 6.04092E-01 7.93271E-02 3.84973E-01 5.93543E+00
2.28341E+01 6.83848E-01 8.31200E-01 6.06871E-01 7.87116E-02 3.82419E-01 5.93123E+00
2.32831E+01 6.86240E-01 8.33928E-01 6.09691E-01 7.80871E-02 3.79827E-01 5.92697E+00
2.37392E+01 6.88667E-01 8.36700E-01 6.12556E-01 7.74526E-02 3.77193E-01 5.92264E+00
2.42032E+01 6.91131E-01 8.39520E-01 6.15470E-01 7.68071E-02 3.74514E-01 5.91825E+00
2.46757E+01 6.93637E-01 8.42390E-01 6.18438E-01 7.61500E-02 3.71787E-01 5.91379E+00
2.51572E+01 6.96187E-01 8.45316E-01 6.21462E-01 7.54803E-02 3.69007E-01 5.90925E+00
2.56482E+01 6.98783E-01 8.48300E-01 6.24546E-01 7.47973E-02 3.66173E-01 5.90462E+00
2.61493E+01 7.01429E-01 8.51344E-01 6.27693E-01 7.41003E-02 3.63280E-01 5.89991E+00
2.66610E+01 7.04126E-01 8.54454E-01 6.30907E-01 7.33886E-02 3.60326E-01 5.89511E+00
2.71837E+01 7.06876E-01 8.57630E-01 6.34190E-01 7.26614E-02 3.57308E-01 5.89021E+00
2.77181E+01 7.09684E-01 8.60878E-01 6.37547E-01 7.19181E-02 3.54223E-01 5.88521E+00
2.82647E+01 7.12550E-01 8.64199E-01 6.40980E-01 7.11578E-02 3.51067E-01 5.88010E+00
2.88239E+01 7.15478E-01 8.67597E-01 6.44492E-01 7.03799E-02 3.47839E-01 5.87488E+00
2.93965E+01 7.18470E-01 8.71076E-01 6.48088E-01 6.95835E-02 3.44534E-01 5.86956E+00
2.99830E+01 7.21529E-01 8.74640E-01 6.51772E-01 6.87678E-02 3.41148E-01 5.86411E+00
3.05841E+01 7.24658E-01 8.78292E-01 6.55547E-01 6.79317E-02 3.37678E-01 5.85853E+00
3.12006E+01 7.27861E-01 8.82038E-01 6.59419E-01 6.70742E-02 3.34119E-01 5.85283E+00
3.18332E+01 7.31142E-01 8.85883E-01 6.63393E-01 6.61942E-02 3.30466E-01 5.84698E+00
3.24830E+01 7.34505E-01 8.89831E-01 6.67474E-01 6.52904E-02 3.26715E-01 5.84099E+00
3.31508E+01 7.37954E-01 8.93889E-01 6.71668E-01 6.43615E-02 3.22860E-01 5.83485E+00
3.38378E+01 7.41495E-01 8.98063E-01 6.75983E-01 6.34060E-02 3.18894E-01 5.82854E+00
3.45451E+01 7.45132E-01 9.02361E-01 6.80425E-01 6.24221E-02 3.14811E-01 5.82206E+00
3.52740E+01 7.48872E-01 9.06790E-01 6.85004E-01 6.14082E-02 3.10602E-01 5.81540E+00
3.60261E+01 7.52722E-01 9.11360E-01 6.89727E-01 6.03621E-02 3.06261E-01 5.80854E+00
3.68027E+01 7.56688E-01 9.16079E-01 6.94605E-01 5.92819E-02 3.01777E-01 5.80148E+00
3.76057E+01 7.60778E-01 9.20958E-01 6.99649E-01 5.81649E-02 2.97142E-01 5.79419E+00
3.84369E+01 7.65001E-01 9.26009E-01 7.04869E-01 5.70088E-02 2.92343E-01 5.78667E+00
3.92983E+01 7.69367E-01 9.31243E-01 7.10279E-01 5.58106E-02 2.87370E-01 5.77889E+00
4.01920E+01 7.73883E-01 9.36674E-01 7.15893E-01 5.45675E-02 2.82211E-01 5.77084E+00
4.11205E+01 7.78563E-01 9.42316E-01 7.21725E-01 5.32759E-02 2.76850E-01 5.76251E+00
4.20863E+01 7.83415E-01 9.48185E-01 7.27791E-01 5.19326E-02 2.71275E-01 5.75387E+00
4.30922E+01 7.88454E-01 9.54296E-01 7.34108E-01 5.05335E-02 2.65468E-01 5.74489E+00
4.41410E+01 7.93691E-01 9.60669E-01 7.40695E-01 4.90746E-02 2.59413E-01 5.73556E+00
4.52359E+01 7.99140E-01 9.67323E-01 7.47573E-01 4.75516E-02 2.53092E-01 5.72585E+00
4.63804E+01 8.04816E-01 9.74277E-01 7.54761E-01 4.59597E-02 2.46485E-01 5.71574E+00
-4.44153E+01 4.47626E-01 5.31026E-01 3.45471E-01 1.11613E-01 6.07538E-01 6.56830E+00
-4.28408E+01 4.55825E-01 5.38847E-01 3.53790E-01 1.10221E-01 6.00052E-01 6.55160E+00
-4.12366E+01 4.64136E-01 5.46816E-01 3.62266E-01 1.08803E-01 5.92425E-01 6.53466E+00
-3.96027E+01 4.72556E-01 5.54932E-01 3.70899E-01 1.07359E-01 5.84656E-01 6.51751E+00
-3.79392E+01 4.81083E-01 5.63195E-01 3.79688E-01 1.05889E-01 5.76747E-01 6.50013E+00
-3.62461E+01 4.89716E-01 5.71606E-01 3.88634E-01 1.04392E-01 5.68697E-01 6.48254E+00
-3.45233E+01 4.98452E-01 5.80164E-01 3.97736E-01 1.02870E-01 5.60506E-01 6.46474E+00
-3.27709E+01 5.07289E-01 5.88869E-01 4.06995E-01 1.01321E-01 5.52173E-01 6.44674E+00
-3.09889E+01 5.16226E-01 5.97721E-01 4.16411E-01 9.97457E-02 5.43700E-01 6.42853E+00
-2.91771E+01 5.25260E-01 6.06721E-01 4.25983E-01 9.81443E-02 5.35086E-01 6.41012E+00
-2.73358E+01 5.34388E-01 6.15867E-01 4.35712E-01 9.65168E-02 5.26331E-01 6.39152E+00
-2.54648E+01 5.43610E-01 6.25162E-01 4.45598E-01 9.48631E-02 5.17435E-01 6.37274E+00
-2.35641E+01 5.52922E-01 6.34603E-01 4.55640E-01 9.31831E-02 5.08398E-01 6.35376E+00
-2.16338E+01 5.62323E-01 6.44192E-01 4.65839E-01 9.14770E-02 4.99221E-01 6.33461E+00
-1.96739E+01 5.71811E-01 6.53928E-01 4.76195E-01 8.97447E-02 4.89902E-01 6.31528E+00
-1.76843E+01 5.81383E-01 6.63811E-01 4.86707E-01 8.79861E-02 4.80442E-01 6.29577E+00
-1.56650E+01 5.91037E-01 6.73841E-01 4.97376E-01 8.62014E-02 4.70841E-01 6.27610E+00
-1.36161E+01 6.00772E-01 6.84019E-01 5.08202E-01 8.43904E-02 4.61099E-01 6.25627E+00
-1.15376E+01 6.10584E-01 6.94344E-01 5.19184E-01 8.25532E-02 4.51217E-01 6.23628E+00
-9.42941E+00 6.20473E-01 7.04816E-01 5.30323E-01 8.06899E-02 4.41193E-01 6.21613E+00
-7.29158E+00 6.30436E-01 7.15436E-01 5.41618E-01 7.88003E-02 4.31028E-01 6.19583E+00
-5.12410E+00 6.40471E-01 7.26202E-01 5.53070E-01 7.68845E-02 4.20723E-01 6.17538E+00
-2.92698E+00 6.50576E-01 7.37117E-01 5.64679E-01 7.49426E-02 4.10276E-01 6.15479E+00
-1.10489E+00 6.58905E-01 7.46168E-01 5.74306E-01 7.33321E-02 4.01613E-01 6.13782E+00
-3.38748E-01 6.62393E-01 7.49973E-01 5.78354E-01 7.26549E-02 3.97970E-01 6.13071E+00
4.17714E-01 6.65830E-01 7.53731E-01 5.82351E-01 7.19863E-02 3.94374E-01 6.12371E+00
1.16450E+00 6.69215E-01 7.57441E-01 5.86297E-01 7.13262E-02 3.90823E-01 6.11682E+00
1.90160E+00 6.72548E-01 7.61102E-01 5.90191E-01 7.06747E-02 3.87318E-01 6.11002E+00
2.62902E+00 6.75830E-01 7.64716E-01 5.94035E-01 7.00318E-02 3.83860E-01 6.10334E+00
3.34677E+00 6.79062E-01 7.68281E-01 5.97827E-01 6.93974E-02 3.80447E-01 6.09675E+00
4.05483E+00 6.82243E-01 7.71798E-01 6.01568E-01 6.87715E-02 3.77080E-01 6.09027E+00
4.75322E+00 6.85375E-01 7.75267E-01 6.05258E-01 6.81543E-02 3.73760E-01 6.08389E+00
5.44192E+00 6.88456E-01 7.78689E-01 6.08897E-01 6.75455E-02 3.70485E-01 6.07761E+00
6.12095E+00 6.91488E-01 7.82062E-01 6.12485E-01 6.69454E-02 3.67257E-01 6.07143E+00
6.79030E+00 6.94470E-01 7.85387E-01 6.16021E-01 6.63537E-02 3.64074E-01 6.06536E+00
7.44997E+00 6.97404E-01 7.88663E-01 6.19507E-01 6.57707E-02 3.60938E-01 6.05938E+00
8.09996E+00 7.00289E-01 7.91892E-01 6.22941E-01 6.51962E-02 3.57847E-01 6.05350E+00
8.74027E+00 7.03126E-01 7.95073E-01 6.26324E-01 6.46302E-02 3.54803E-01 6.04772E+00
9.37090E+00 7.05914E-01 7.98205E-01 6.29656E-01 6.40728E-02 3.51804E-01 6.04204E+00
9.99185E+00 7.08654E-01 8.01290E-01 6.32937E-01 6.35240E-02 3.48852E-01 6.03646E+00
1.06031E+01 7.11347E-01 8.04326E-01 6.36167E-01 6.29837E-02 3.45946E-01 6.03097E+00
1.12047E+01 7.13992E-01 8.07315E-01 6.39346E-01 6.24520E-02 3.43085E-01 6.02558E+00
1.17966E+01 7.16591E-01 8.10255E-01 6.42473E-01 6.19288E-02 3.40271E-01 6.02029E+00
1.23789E+01 7.19142E-01 8.13147E-01 6.45549E-01 6.14142E-02 3.37503E-01 6.01509E+00
1.29514E+01 7.21646E-01 8.15992E-01 6.48574E-01 6.09081E-02 3.34780E-01 6.00999E+00
1.35143E+01 7.24105E-01 8.18788E-01 6.51548E-01 6.04106E-02 3.32104E-01 6.00498E+00
1.40675E+01 7.26516E-01 8.21536E-01 6.54471E-01 5.99216E-02 3.29474E-01 6.00006E+00
1.46110E+01 7.28882E-01 8.24235E-01 6.57343E-01 5.94412E-02 3.26890E-01 5.99524E+00
1.51449E+01 7.31202E-01 8.26887E-01 6.60164E-01 5.89694E-02 3.24351E-01 5.99052E+00
1.56690E+01 7.33476E-01 8.29491E-01 6.62933E-01 5.85061E-02 3.21859E-01 5.98588E+00
1.61835E+01 7.35705E-01 8.32047E-01 6.65651E-01 5.80514E-02 3.19413E-01 5.98134E+00
1.66883E+01 7.37889E-01 8.34554E-01 6.68319E-01 5.76052E-02 3.17013E-01 5.97689E+00
1.71834E+01 7.40028E-01 8.37014E-01 6.70935E-01 5.71676E-02 3.14659E-01 5.97253E+00
1.76689E+01 7.42121E-01 8.39425E-01 6.73500E-01 5.67385E-02 3.12351E-01 5.96827E+00
1.81446E+01 7.44171E-01 8.41788E-01 6.76013E-01 5.63180E-02 3.10088E-01 5.96409E+00
1.86107E+01 7.46175E-01 8.44104E-01 6.78476E-01 5.59060E-02 3.07872E-01 5.96001E+00
1.90671E+01 7.48136E-01 8.46371E-01 6.80887E-01 5.55026E-02 3.05702E-01 5.95601E+00
1.95138E+01 7.50052E-01 8.48590E-01 6.83248E-01 5.51078E-02 3.03578E-01 5.95211E+00
1.99509E+01 7.51924E-01 8.50761E-01 6.85557E-01 5.47215E-02 3.01500E-01 5.94830E+00
2.03782E+01 7.53753E-01 8.52884E-01 6.87815E-01 5.43437E-02 2.99468E-01 5.94457E+00
2.07959E+01 7.55538E-01 8.54959E-01 6.90022E-01 5.39746E-02 2.97482E-01 5.94093E+00
2.12809E+01 7.57607E-01 8.57367E-01 6.92584E-01 5.35459E-02 2.95177E-01 5.93672E+00
2.17359E+01 7.59547E-01 8.59628E-01 6.94988E-01 5.31438E-02 2.93013E-01 5.93277E+00
2.21955E+01 7.61503E-01 8.61911E-01 6.97417E-01 5.27375E-02 2.90828E-01 5.92878E+00
2.26602E+01 7.63478E-01 8.64219E-01 6.99872E-01 5.23268E-02 2.88618E-01 5.92475E+00
2.31304E+01 7.65474E-01 8.66555E-01 7.02356E-01 5.19111E-02 2.86383E-01 5.92069E+00
2.36066E+01 7.67492E-01 8.68920E-01 7.04872E-01 5.14903E-02 2.84119E-01 5.91658E+00
2.40892E+01 7.69535E-01 8.71318E-01 7.07422E-01 5.10637E-02 2.81824E-01 5.91241E+00
2.45787E+01 7.71604E-01 8.73749E-01 7.10008E-01 5.06311E-02 2.79497E-01 5.90820E+00
2.50757E+01 7.73702E-01 8.76218E-01 7.12634E-01 5.01918E-02 2.77134E-01 5.90392E+00
2.55807E+01 7.75830E-01 8.78727E-01 7.15303E-01 4.97454E-02 2.74733E-01 5.89959E+00
2.60943E+01 7.77992E-01 8.81278E-01 7.18016E-01 4.92915E-02 2.72291E-01 5.89518E+00
2.66171E+01 7.80189E-01 8.83875E-01 7.20779E-01 4.88294E-02 2.69805E-01 5.89071E+00
2.71498E+01 7.82424E-01 8.86521E-01 7.23593E-01 4.83585E-02 2.67272E-01 5.88615E+00
2.76930E+01 7.84699E-01 8.89219E-01 7.26463E-01 4.78785E-02 2.64690E-01 5.88152E+00
2.82473E+01 7.87017E-01 8.91973E-01 7.29392E-01 4.73885E-02 2.62054E-01 5.87679E+00
2.88134E+01 7.89381E-01 8.94785E-01 7.32383E-01 4.68881E-02 2.59362E-01 5.87198E+00
2.93921E+01 7.91794E-01 8.97660E-01 7.35441E-01 4.63766E-02 2.56611E-01 5.86706E+00
2.99841E+01 7.94257E-01 9.00600E-01 7.38568E-01 4.58534E-02 2.53796E-01 5.86204E+00
3.05900E+01 7.96775E-01 9.03610E-01 7.41770E-01 4.53178E-02 2.50915E-01 5.85691E+00
3.12108E+01 7.99349E-01 9.06694E-01 7.45050E-01 4.47692E-02 2.47964E-01 5.85167E+00
3.18470E+01 8.01983E-01 9.09854E-01 7.48411E-01 4.42068E-02 2.44939E-01 5.84630E+00
3.24996E+01 8.04679E-01 9.13096E-01 7.51859E-01 4.36300E-02 2.41836E-01 5.84081E+00
3.31692E+01 8.07441E-01 9.16422E-01 7.55397E-01 4.30382E-02 2.38652E-01 5.83518E+00
3.38568E+01 8.10271E-01 9.19838E-01 7.59030E-01 4.24304E-02 2.35383E-01 5.82942E+00
3.45631E+01 8.13172E-01 9.23346E-01 7.62762E-01 4.18062E-02 2.32025E-01 5.82350E+00
3.52889E+01 8.16147E-01 9.26951E-01 7.66597E-01 4.11646E-02 2.28574E-01 5.81744E+00
3.60351E+01 8.19200E-01 9.30658E-01 7.70540E-01 4.05051E-02 2.25026E-01 5.81122E+00
3.68026E+01 8.22332E-01 9.34471E-01 7.74595E-01 3.98267E-02 2.21377E-01 5.80484E+00
3.75921E+01 8.25548E-01 9.38392E-01 7.78766E-01 3.91289E-02 2.17623E-01 5.79829E+00
3.84046E+01 8.28849E-01 9.42428E-01 7.83059E-01 3.84108E-02 2.13760E-01 5.79156E+00
3.92408E+01 8.32239E-01 9.46583E-01 7.87478E-01 3.76716E-02 2.09784E-01 5.78465E+00
4.01018E+01 8.35721E-01 9.50859E-01 7.92026E-01 3.69107E-02 2.05690E-01 5.77756E+00
4.09883E+01 8.39297E-01 9.55263E-01 7.96710E-01 3.61271E-02 2.01475E-01 5.77027E+00
4.19012E+01 8.42970E-01 9.59798E-01 8.01534E-01 3.53202E-02 1.97135E-01 5.76279E+00
4.28414E+01 8.46744E-01 9.64468E-01 8.06501E-01 3.44892E-02 1.92664E-01 5.75510E+00
4.38097E+01 8.50619E-01 9.69278E-01 8.11618E-01 3.36333E-02 1.88060E-01 5.74720E+00
4.48071E+01 8.54600E-01 9.74233E-01 8.16888E-01 3.27517E-02 1.83318E-01 5.73909E+00
4.58345E+01 8.58688E-01 9.79336E-01 8.22316E-01 3.18437E-02 1.78433E-01 5.73076E+00
4.68926E+01 8.62887E-01 9.84592E-01 8.27906E-01 3.09085E-02 1.73402E-01 5.72221E+00
-4.84979E+01 6.57974E-01 6.19751E-01 5.65344E-01 5.58933E-02 3.82629E-01 6.53490E+00
-4.69580E+01 6.62911E-01 6.25783E-01 5.70885E-01 5.52491E-02 3.77947E-01 6.52014E+00
-4.53853E+01 6.67930E-01 6.31943E-01 5.76545E-01 5.45911E-02 3.73165E-01 6.50514E+00
-4.37797E+01 6.73030E-01 6.38232E-01 5.82322E-01 5.39193E-02 3.68284E-01 6.48990E+00
-4.21413E+01 6.78210E-01 6.44650E-01 5.88217E-01 5.32338E-02 3.63302E-01 6.47442E+00
-4.04701E+01 6.83468E-01 6.51196E-01 5.94231E-01 5.25346E-02 3.58221E-01 6.45870E+00
-3.87660E+01 6.88804E-01 6.57871E-01 6.00363E-01 5.18217E-02 3.53039E-01 6.44276E+00
-3.70291E+01 6.94215E-01 6.64674E-01 6.06613E-01 5.10950E-02 3.47758E-01 6.42659E+00
-3.52593E+01 6.99700E-01 6.71606E-01 6.12981E-01 5.03545E-02 3.42377E-01 6.41019E+00
-3.34567E+01 7.05259E-01 6.78667E-01 6.19467E-01 4.96004E-02 3.36896E-01 6.39358E+00
-3.16213E+01 7.10889E-01 6.85856E-01 6.26072E-01 4.88325E-02 3.31316E-01 6.37675E+00
-2.97530E+01 7.16590E-01 6.93174E-01 6.32794E-01 4.80508E-02 3.25635E-01 6.35972E+00
-2.78519E+01 7.22360E-01 7.00620E-01 6.39635E-01 4.72554E-02 3.19855E-01 6.34247E+00
-2.59180E+01 7.28197E-01 7.08196E-01 6.46594E-01 4.64463E-02 3.13975E-01 6.32503E+00
-2.39512E+01 7.34101E-01 7.15899E-01 6.53671E-01 4.56234E-02 3.07995E-01 6.30738E+00
-2.19516E+01 7.40069E-01 7.23732E-01 6.60867E-01 4.47868E-02 3.01915E-01 6.28954E+00
-1.99191E+01 7.46101E-01 7.31693E-01 6.68180E-01 4.39365E-02 2.95735E-01 6.27152E+00
-1.78538E+01 7.52196E-01 7.39782E-01 6.75612E-01 4.30724E-02 2.89455E-01 6.25330E+00
-1.57556E+01 7.58351E-01 7.48001E-01 6.83162E-01 4.21946E-02 2.83076E-01 6.23491E+00
-1.36247E+01 7.64565E-01 7.56348E-01 6.90830E-01 4.13030E-02 2.76597E-01 6.21633E+00
-1.14608E+01 7.70837E-01 7.64823E-01 6.98616E-01 4.03977E-02 2.70018E-01 6.19759E+00
-9.26418E+00 7.77166E-01 7.73427E-01 7.06520E-01 3.94787E-02 2.63339E-01 6.17867E+00
-7.03468E+00 7.83550E-01 7.82160E-01 7.14542E-01 3.85459E-02 2.56560E-01 6.15959E+00
-4.77235E+00 7.89988E-01 7.91021E-01 7.22683E-01 3.75994E-02 2.49681E-01 6.14035E+00
-2.47717E+00 7.96479E-01 8.00012E-01 7.30942E-01 3.66391E-02 2.42703E-01 6.12095E+00
-7.55076E-01 8.01322E-01 8.06757E-01 7.37139E-01 3.59186E-02 2.37467E-01 6.10648E+00
1.17864E-02 8.03471E-01 8.09761E-01 7.39898E-01 3.55978E-02 2.35135E-01 6.10006E+00
7.69945E-01 8.05592E-01 8.12730E-01 7.42626E-01 3.52806E-02 2.32830E-01 6.09372E+00
1.51940E+00 8.07684E-01 8.15666E-01 7.45323E-01 3.49670E-02 2.30551E-01 6.08747E+00
2.26015E+00 8.09747E-01 8.18567E-01 7.47988E-01 3.46571E-02 2.28299E-01 6.08130E+00
2.99220E+00 8.11782E-01 8.21435E-01 7.50622E-01 3.43508E-02 2.26073E-01 6.07522E+00
3.71554E+00 8.13789E-01 8.24268E-01 7.53225E-01 3.40482E-02 2.23874E-01 6.06922E+00
4.43018E+00 8.15767E-01 8.27067E-01 7.55797E-01 3.37492E-02 2.21701E-01 6.06331E+00
5.13612E+00 8.17718E-01 8.29832E-01 7.58337E-01 3.34538E-02 2.19554E-01 6.05748E+00
5.83335E+00 8.19641E-01 8.32563E-01 7.60846E-01 3.31621E-02 2.17434E-01 6.05173E+00
6.52188E+00 8.21537E-01 8.35260E-01 7.63323E-01 3.28741E-02 2.15341E-01 6.04606E+00
7.20171E+00 8.23405E-01 8.37923E-01 7.65770E-01 3.25896E-02 2.13274E-01 6.04048E+00
7.87283E+00 8.25246E-01 8.40552E-01 7.68185E-01 3.23088E-02 2.11233E-01 6.03498E+00
8.53525E+00 8.27059E-01 8.43146E-01 7.70568E-01 3.20317E-02 2.09219E-01 6.02956E+00
9.18896E+00 8.28846E-01 8.45707E-01 7.72920E-01 3.17582E-02 2.07232E-01 6.02422E+00
9.83397E+00 8.30606E-01 8.48233E-01 7.75241E-01 3.14883E-02 2.05270E-01 6.01896E+00
1.04703E+01 8.32339E-01 8.50726E-01 7.77531E-01 3.12221E-02 2.03336E-01 6.01378E+00
1.10979E+01 8.34045E-01 8.53184E-01 7.79789E-01 3.09595E-02 2.01428E-01 6.00868E+00
1.17168E+01 8.35725E-01 8.55608E-01 7.82016E-01 3.07006E-02 1.99546E-01 6.00366E+00
1.23270E+01 8.37378E-01 8.57998E-01 7.84212E-01 3.04453E-02 1.97690E-01 5.99872E+00
1.29285E+01 8.39005E-01 8.60354E-01 7.86376E-01 3.01937E-02 1.95862E-01 5.99386E+00
1.35213E+01 8.40606E-01 8.62676E-01 7.88509E-01 2.99456E-02 1.94059E-01 5.98907E+00
1.41053E+01 8.42182E-01 8.64964E-01 7.90611E-01 2.97013E-02 1.92283E-01 5.98436E+00
1.46807E+01 8.43731E-01 8.67218E-01 7.92682E-01 2.94605E-02 1.90534E-01 5.97973E+00
1.52474E+01 8.45254E-01 8.69438E-01 7.94721E-01 2.92235E-02 1.88811E-01 5.97518E+00
1.58054E+01 8.46752E-01 8.71623E-01 7.96728E-01 2.89900E-02 1.87114E-01 5.97071E+00
1.63547E+01 8.48224E-01 8.73775E-01 7.98705E-01 2.87602E-02 1.85444E-01 5.96631E+00
1.68952E+01 8.49671E-01 8.75892E-01 8.00650E-01 2.85340E-02 1.83801E-01 5.96198E+00
1.74271E+01 8.51092E-01 8.77975E-01 8.02564E-01 2.83115E-02 1.82184E-01 5.95773E+00
1.79502E+01 8.52489E-01 8.80024E-01 8.04446E-01 2.80926E-02 1.80593E-01 5.95356E+00
1.84647E+01 8.53860E-01 8.82039E-01 8.06298E-01 2.78774E-02 1.79029E-01 5.94946E+00
1.89705E+01 8.55206E-01 8.84020E-01 8.08117E-01 2.76658E-02 1.77491E-01 5.94544E+00
1.94675E+01 8.56527E-01 8.85967E-01 8.09906E-01 2.74578E-02 1.75980E-01 5.94149E+00
1.99558E+01 8.57823E-01 8.87880E-01 8.11663E-01 2.72535E-02 1.74495E-01 5.93762E+00
2.04355E+01 8.59095E-01 8.89759E-01 8.13389E-01 2.70529E-02 1.73036E-01 5.93382E+00
2.09064E+01 8.60341E-01 8.91604E-01 8.15084E-01 2.68558E-02 1.71605E-01 5.93009E+00
2.13687E+01 8.61564E-01 8.93414E-01 8.16747E-01 2.66624E-02 1.70199E-01 5.92644E+00
2.18222E+01 8.62761E-01 8.95191E-01 8.18379E-01 2.64727E-02 1.68820E-01 5.92286E+00
2.22670E+01 8.63935E-01 8.96933E-01 8.19980E-01 2.62866E-02 1.67468E-01 5.91935E+00
2.28396E+01 8.65443E-01 8.99176E-01 8.22040E-01 2.60470E-02 1.65727E-01 5.91484E+00
2.33344E+01 8.66745E-01 9.01114E-01 8.23820E-01 2.58400E-02 1.64222E-01 5.91095E+00
2.38376E+01 8.68067E-01 9.03085E-01 8.25631E-01 2.56295E-02 1.62692E-01 5.90700E+00
2.43488E+01 8.69408E-01 9.05087E-01 8.27471E-01 2.54156E-02 1.61138E-01 5.90299E+00
2.48679E+01 8.70768E-01 9.07120E-01 8.29338E-01 2.51984E-02 1.59560E-01 5.89893E+00
2.53945E+01 8.72146E-01 9.09183E-01 8.31233E-01 2.49781E-02 1.57958E-01 5.89481E+00
2.59290E+01 8.73542E-01 9.11277E-01 8.33157E-01 2.47545E-02 1.56333E-01 5.89064E+00
2.64715E+01 8.74958E-01 9.13402E-01 8.35109E-01 2.45275E-02 1.54684E-01 5.88641E+00
2.70224E+01 8.76393E-01 9.15560E-01 8.37091E-01 2.42970E-02 1.53009E-01 5.88212E+00
2.75824E+01 8.77849E-01 9.17753E-01 8.39106E-01 2.40627E-02 1.51306E-01 5.87777E+00
2.81519E+01 8.79329E-01 9.19984E-01 8.41155E-01 2.38244E-02 1.49574E-01 5.87334E+00
2.87319E+01 8.80833E-01 9.22255E-01 8.43242E-01 2.35818E-02 1.47811E-01 5.86885E+00
2.93230E+01 8.82364E-01 9.24571E-01 8.45369E-01 2.33345E-02 1.46014E-01 5.86427E+00
2.99261E+01 8.83923E-01 9.26933E-01 8.47539E-01 2.30822E-02 1.44180E-01 5.85961E+00
3.05422E+01 8.85513E-01 9.29346E-01 8.49756E-01 2.28244E-02 1.42307E-01 5.85486E+00
3.11722E+01 8.87137E-01 9.31814E-01 8.52023E-01 2.25608E-02 1.40391E-01 5.85001E+00
3.18170E+01 8.88796E-01 9.34339E-01 8.54343E-01 2.22911E-02 1.38431E-01 5.84505E+00
3.24775E+01 8.90492E-01 9.36927E-01 8.56720E-01 2.20147E-02 1.36423E-01 5.83998E+00
3.31546E+01 8.92228E-01 9.39579E-01 8.59157E-01 2.17314E-02 1.34364E-01 5.83479E+00
3.38491E+01 8.94006E-01 9.42299E-01 8.61656E-01 2.14408E-02 1.32252E-01 5.82948E+00
3.45619E+01 8.95826E-01 9.45091E-01 8.64220E-01 2.11426E-02 1.30085E-01 5.82404E+00
3.52935E+01 8.97692E-01 9.47957E-01 8.66853E-01 2.08365E-02 1.27860E-01 5.81846E+00
3.60446E+01 8.99603E-01 9.50899E-01 8.69556E-01 2.05223E-02 1.25577E-01 5.81275E+00
3.68156E+01 9.01561E-01 9.53919E-01 8.72330E-01 2.01997E-02 1.23233E-01 5.80690E+00
3.76067E+01 9.03566E-01 9.57018E-01 8.75177E-01 1.98687E-02 1.20827E-01 5.80091E+00
3.84183E+01 9.05619E-01 9.60196E-01 8.78097E-01 1.95292E-02 1.18359E-01 5.79477E+00
3.92502E+01 9.07719E-01 9.63455E-01 8.81091E-01 1.91811E-02 1.15830E-01 5.78850E+00
4.01023E+01 9.09864E-01 9.66793E-01 8.84157E-01 1.88246E-02 1.13239E-01 5.78208E+00
4.09741E+01 9.12055E-01 9.70207E-01 8.87294E-01 1.84599E-02 1.10588E-01 5.77554E+00
4.18650E+01 9.14288E-01 9.73697E-01 8.90500E-01 1.80871E-02 1.07880E-01 5.76886E+00
4.27741E+01 9.16562E-01 9.77258E-01 8.93771E-01 1.77068E-02 1.05115E-01 5.76207E+00
4.37003E+01 9.18873E-01 9.80885E-01 8.97103E-01 1.73193E-02 1.02300E-01 5.75516E+00
4.46420E+01 9.21217E-01 9.84574E-01 9.00492E-01 1.69253E-02 9.94362E-02 5.74815E+00
4.55976E+01 9.23590E-01 9.88317E-01 9.03931E-01 1.65255E-02 9.65307E-02 5.74106E+00
4.65650E+01 9.25986E-01 9.92107E-01 9.07412E-01 1.61207E-02 9.35892E-02 5.73390E+00
4.75419E+01 9.28399E-01 9.95933E-01 9.10927E-01 1.57120E-02 9.06190E-02 5.72669E+00
-5.42484E+01 1.00000E+00 7.09575E-01 9.40853E-01 0.00000E+00 0.00000E+00 6.51164E+00
-5.27406E+01 1.00000E+00 7.13950E-01 9.41751E-01 0.00000E+00 0.00000E+00 6.49864E+00
-5.11957E+01 1.00000E+00 7.18433E-01 9.42671E-01 0.00000E+00 0.00000E+00 6.48536E+00
-4.96137E+01 1.00000E+00 7.23024E-01 9.43613E-01 0.00000E+00 0.00000E+00 6.47183E+00
-4.79945E+01 1.00000E+00 7.27722E-01 9.44577E-01 0.00000E+00 0.00000E+00 6.45804E+00
-4.63382E+01 1.00000E+00 7.32528E-01 9.45564E-01 0.00000E+00 0.00000E+00 6.44399E+00
-4.46448E+01 1.00000E+00 7.37442E-01 9.46572E-01 0.00000E+00 0.00000E+00 6.42969E+00
-4.29143E+01 1.00000E+00 7.42464E-01 9.47602E-01 0.00000E+00 0.00000E+00 6.41514E+00
-4.11467E+01 1.00000E+00 7.47593E-01 9.48655E-01 0.00000E+00 0.00000E+00 6.40034E+00
-3.93419E+01 1.00000E+00 7.52830E-01 9.49729E-01 0.00000E+00 0.00000E+00 6.38531E+00
-3.75000E+01 1.00000E+00 7.58174E-01 9.50826E-01 0.00000E+00 0.00000E+00 6.37004E+00
-3.56209E+01 1.00000E+00 7.63627E-01 9.51945E-01 0.00000E+00 0.00000E+00 6.35454E+00
-3.37048E+01 1.00000E+00 7.69187E-01 9.53086E-01 0.00000E+00 0.00000E+00 6.33880E+00
-3.17515E+01 1.00000E+00 7.74855E-01 9.54249E-01 0.00000E+00 0.00000E+00 6.32285E+00
-2.97611E+01 1.00000E+00 7.80630E-01 9.55434E-01 0.00000E+00 0.00000E+00 6.30667E+00
-2.77336E+01 1.00000E+00 7.86514E-01 9.56642E-01 0.00000E+00 0.00000E+00 6.29027E+00
-2.56689E+01 1.00000E+00 7.92505E-01 9.57871E-01 0.00000E+00 0.00000E+00 6.27367E+00
-2.35672E+01 1.00000E+00 7.98603E-01 9.59122E-01 0.00000E+00 0.00000E+00 6.25685E+00
-2.14283E+01 1.00000E+00 8.04810E-01 9.60396E-01 0.00000E+00 0.00000E+00 6.23983E+00
-1.92523E+01 1.00000E+00 8.11124E-01 9.61692E-01 0.00000E+00 0.00000E+00 6.22261E+00
-1.70391E+01 1.00000E+00 8.17546E-01 9.63010E-01 0.00000E+00 0.00000E+00 6.20519E+00
-1.47888E+01 1.00000E+00 8.24075E-01 9.64350E-01 0.00000E+00 0.00000E+00 6.18758E+00
-1.25014E+01 1.00000E+00 8.30713E-01 9.65712E-01 0.00000E+00 0.00000E+00 6.16978E+00
-1.01769E+01 1.00000E+00 8.37458E-01 9.67096E-01 0.00000E+00 0.00000E+00 6.15180E+00
-7.81529E+00 1.00000E+00 8.44311E-01 9.68502E-01 0.00000E+00 0.00000E+00 6.13363E+00
-5.41652E+00 1.00000E+00 8.51271E-01 9.69930E-01 0.00000E+00 0.00000E+00 6.11529E+00
-2.98063E+00 1.00000E+00 8.58339E-01 9.71381E-01 0.00000E+00 0.00000E+00 6.09678E+00
-7.57990E-01 1.00000E+00 8.64789E-01 9.72704E-01 0.00000E+00 0.00000E+00 6.07999E+00
3.09923E-02 1.00000E+00 8.67078E-01 9.73174E-01 0.00000E+00 0.00000E+00 6.07405E+00
8.11448E-01 1.00000E+00 8.69343E-01 9.73639E-01 0.00000E+00 0.00000E+00 6.06819E+00
1.58338E+00 1.00000E+00 8.71583E-01 9.74098E-01 0.00000E+00 0.00000E+00 6.06240E+00
2.34678E+00 1.00000E+00 8.73798E-01 9.74553E-01 0.00000E+00 0.00000E+00 6.05669E+00
3.10165E+00 1.00000E+00 8.75988E-01 9.75002E-01 0.00000E+00 0.00000E+00 6.05105E+00
3.84800E+00 1.00000E+00 8.78154E-01 9.75447E-01 0.00000E+00 0.00000E+00 6.04548E+00
4.58582E+00 1.00000E+00 8.80295E-01 9.75886E-01 0.00000E+00 0.00000E+00 6.03999E+00
5.31512E+00 1.00000E+00 8.82411E-01 9.76320E-01 0.00000E+00 0.00000E+00 6.03457E+00
6.03588E+00 1.00000E+00 8.84503E-01 9.76750E-01 0.00000E+00 0.00000E+00 6.02923E+00
6.74812E+00 1.00000E+00 8.86569E-01 9.77174E-01 0.00000E+00 0.00000E+00 6.02395E+00
7.45184E+00 1.00000E+00 8.88611E-01 9.77593E-01 0.00000E+00 0.00000E+00 6.01875E+00
8.14702E+00 1.00000E+00 8.90629E-01 9.78007E-01 0.00000E+00 0.00000E+00 6.01362E+00
8.83368E+00 1.00000E+00 8.92621E-01 9.78415E-01 0.00000E+00 0.00000E+00 6.00857E+00
9.51181E+00 1.00000E+00 8.94589E-01 9.78819E-01 0.00000E+00 0.00000E+00 6.00358E+00
1.01814E+01 1.00000E+00 8.96532E-01 9.79218E-01 0.00000E+00 0.00000E+00 5.99867E+00
1.08425E+01 1.00000E+00 8.98450E-01 9.79612E-01 0.00000E+00 0.00000E+00 5.99382E+00
1.14951E+01 1.00000E+00 9.00344E-01 9.80000E-01 0.00000E+00 0.00000E+00 5.98905E+00
1.21391E+01 1.00000E+00 9.02212E-01 9.80384E-01 0.00000E+00 0.00000E+00 5.98434E+00
1.27746E+01 1.00000E+00 9.04056E-01 9.80762E-01 0.00000E+00 0.00000E+00 5.97971E+00
1.34015E+01 1.00000E+00 9.05876E-01 9.81135E-01 0.00000E+00 0.00000E+00 5.97514E+00
1.40200E+01 1.00000E+00 9.07670E-01 9.81504E-01 0.00000E+00 0.00000E+00 5.97064E+00
1.46299E+01 1.00000E+00 9.09440E-01 9.81867E-01 0.00000E+00 0.00000E+00 5.96621E+00
1.52313E+01 1.00000E+00 9.11185E-01 9.82225E-01 0.00000E+00 0.00000E+00 5.96185E+00
1.58242E+01 1.00000E+00 9.12905E-01 9.82578E-01 0.00000E+00 0.00000E+00 5.95756E+00
1.64085E+01 1.00000E+00 9.14601E-01 9.82926E-01 0.00000E+00 0.00000E+00 5.95334E+00
1.69843E+01 1.00000E+00 9.16272E-01 9.83269E-01 0.00000E+00 0.00000E+00 5.94918E+00
1.75516E+01 1.00000E+00 9.17918E-01 9.83607E-01 0.00000E+00 0.00000E+00 5.94509E+00
1.81103E+01 1.00000E+00 9.19539E-01 9.83939E-01 0.00000E+00 0.00000E+00 5.94107E+00
1.86606E+01 1.00000E+00 9.21136E-01 9.84267E-01 0.00000E+00 0.00000E+00 5.93711E+00
1.92023E+01 1.00000E+00 9.22708E-01 9.84589E-01 0.00000E+00 0.00000E+00 5.93322E+00
1.97354E+01 1.00000E+00 9.24255E-01 9.84907E-01 0.00000E+00 0.00000E+00 5.92940E+00
2.02601E+01 1.00000E+00 9.25777E-01 9.85219E-01 0.00000E+00 0.00000E+00 5.92564E+00
2.07762E+01 1.00000E+00 9.27275E-01 9.85527E-01 0.00000E+00 0.00000E+00 5.92195E+00
2.13053E+01 1.00000E+00 9.28810E-01 9.85842E-01 0.00000E+00 0.00000E+00 5.91817E+00
2.18260E+01 1.00000E+00 9.30321E-01 9.86152E-01 0.00000E+00 0.00000E+00 5.91446E+00
2.23534E+01 1.00000E+00 9.31852E-01 9.86466E-01 0.00000E+00 0.00000E+00 5.91070E+00
2.28870E+01 1.00000E+00 9.33400E-01 9.86783E-01 0.00000E+00 0.00000E+00 5.90690E+00
2.34262E+01 1.00000E+00 9.34964E-01 9.87105E-01 0.00000E+00 0.00000E+00 5.90307E+00
2.39707E+01 1.00000E+00 9.36544E-01 9.87429E-01 0.00000E+00 0.00000E+00 5.89920E+00
2.45206E+01 1.00000E+00 9.38140E-01 9.87756E-01 0.00000E+00 0.00000E+00 5.89531E+00
2.50761E+01 1.00000E+00 9.39752E-01 9.88087E-01 0.00000E+00 0.00000E+00 5.89137E+00
2.56374E+01 1.00000E+00 9.41381E-01 9.88421E-01 0.00000E+00 0.00000E+00 5.88741E+00
2.62052E+01 1.00000E+00 9.43028E-01 9.88759E-01 0.00000E+00 0.00000E+00 5.88340E+00
2.67800E+01 1.00000E+00 9.44696E-01 9.89102E-01 0.00000E+00 0.00000E+00 5.87934E+00
2.73625E+01 1.00000E+00 9.46386E-01 9.89448E-01 0.00000E+00 0.00000E+00 5.87524E+00
2.79537E+01 1.00000E+00 9.48102E-01 9.89800E-01 0.00000E+00 0.00000E+00 5.87109E+00
2.85545E+01 1.00000E+00 9.49845E-01 9.90158E-01 0.00000E+00 0.00000E+00 5.86687E+00
2.91659E+01 1.00000E+00 9.51619E-01 9.90522E-01 0.00000E+00 0.00000E+00 5.86258E+00
2.97888E+01 1.00000E+00 9.53427E-01 9.90893E-01 0.00000E+00 0.00000E+00 5.85822E+00
3.04243E+01 1.00000E+00 9.55271E-01 9.91272E-01 0.00000E+00 0.00000E+00 5.85378E+00
3.10735E+01 1.00000E+00 9.57155E-01 9.91658E-01 0.00000E+00 0.00000E+00 5.84925E+00
3.17373E+01 1.00000E+00 9.59081E-01 9.92053E-01 0.00000E+00 0.00000E+00 5.84462E+00
3.24168E+01 1.00000E+00 9.61053E-01 9.92458E-01 0.00000E+00 0.00000E+00 5.83990E+00
3.31128E+01 1.00000E+00 9.63072E-01 9.92872E-01 0.00000E+00 0.00000E+00 5.83506E+00
3.38262E+01 1.00000E+00 9.65142E-01 9.93297E-01 0.00000E+00 0.00000E+00 5.83011E+00
3.45577E+01 1.00000E+00 9.67265E-01 9.93733E-01 0.00000E+00 0.00000E+00 5.82505E+00
3.53078E+01 1.00000E+00 9.69441E-01 9.94179E-01 0.00000E+00 0.00000E+00 5.81987E+00
3.60771E+01 1.00000E+00 9.71673E-01 9.94637E-01 0.00000E+00 0.00000E+00 5.81456E+00
3.68658E+01 1.00000E+00 9.73962E-01 9.95107E-01 0.00000E+00 0.00000E+00 5.80913E+00
3.76740E+01 1.00000E+00 9.76307E-01 9.95588E-01 0.00000E+00 0.00000E+00 5.80358E+00
3.85017E+01 1.00000E+00 9.78709E-01 9.96081E-01 0.00000E+00 0.00000E+00 5.79790E+00
3.93486E+01 1.00000E+00 9.81167E-01 9.96585E-01 0.00000E+00 0.00000E+00 5.79210E+00
4.02140E+01 1.00000E+00 9.83678E-01 9.97101E-01 0.00000E+00 0.00000E+00 5.78619E+00
4.10973E+01 1.00000E+00 9.86241E-01 9.97627E-01 0.00000E+00 0.00000E+00 5.78017E+00
4.19972E+01 1.00000E+00 9.88852E-01 9.98163E-01 0.00000E+00 0.00000E+00 5.77405E+00
4.29125E+01 1.00000E+00 9.91508E-01 9.98708E-01 0.00000E+00 0.00000E+00 5.76784E+00
4.38413E+01 1.00000E+00 9.94203E-01 9.99261E-01 0.00000E+00 0.00000E+00 5.76154E+00
4.47817E+01 1.00000E+00 9.96932E-01 9.99821E-01 0.00000E+00 0.00000E+00 5.75519E+00
4.57312E+01 1.00000E+00 9.99687E-01 1.00000E+00 0.00000E+00 0.00000E+00 5.75045E+00
4.66870E+01 1.00000E+00 1.00000E+00 1.00000E+00 0.00000E+00 0.00000E+00 5.75000E+00
4.76460E+01 1.00000E+00 1.00000E+00 1.00000E+00 0.00000E+00 0.00000E+00 5.75000E+00
4.86045E+01 1.00000E+00 1.00000E+00 1.00000E+00 0.00000E+00 0.00000E+00 5.75000E+00
