# petrol_prop.dat https://stash.pnnl.gov/scm/stomp/stomp.git V3.0
n2,2.8010E+01,7.7360E+01,1.2620E+02,3.3960E+01,8.9800E+01,2.9200E-01,3.7200E-02,3.1150E+01,-1.3570E-02,2.6800E-05,-1.1680E-08,0.0000E+00,
h2s,3.4080E+01,2.1350E+02,3.7320E+02,8.9400E+01,9.8600E+01,2.8400E-01,9.7000E-02,3.1940E+01,1.4360E-03,2.4320E-05,-1.1760E-08,0.0000E+00,
c2,3.0070E+01,1.8460E+02,3.0540E+02,4.8800E+01,1.4830E+02,2.8500E-01,9.9000E-02,5.4090E+00,1.7810E-01,-6.9380E-05,8.7130E-09,0.0000E+00,
c3,4.4090E+01,2.3110E+02,3.6980E+02,4.2500E+01,2.0300E+02,2.8100E-01,1.5300E-01,-4.2240E+00,3.0630E-01,-1.5860E-04,3.2150E-08,0.0000E+00,
ic4,5.8120E+01,2.6140E+02,4.0820E+02,3.6500E+01,2.6300E+02,2.8300E-01,1.8300E-01,-1.3900E+00,3.8470E-01,-1.8460E-04,2.8950E-08,0.0000E+00,
nc4,5.8120E+01,2.7270E+02,4.2520E+02,3.8000E+01,2.5500E+02,2.7400E-01,1.9900E-01,9.4870E+00,3.3130E-01,-1.1080E-04,-2.8220E-09,0.0000E+00,
ic5,7.2150E+01,3.0100E+02,4.6040E+02,3.3900E+01,3.0600E+02,2.7100E-01,2.2700E-01,-9.5250E+00,5.0660E-01,2.7290E-04,5.7230E-08,0.0000E+00,
nc5,7.2150E+01,3.0920E+02,4.6970E+02,3.3700E+01,3.0400E+02,2.6300E-01,2.5100E-01,-3.6260E+00,4.8730E-01,-2.5800E-04,5.3050E-08,0.0000E+00,
c6,8.1185E+01,3.3453E+02,5.0981E+02,3.4188E+01,3.2814E+02,2.6466E-01,2.5073E-01,-2.3265E+01,4.2766E-01,5.3926E-05,0.0000E+00,6.8796E+02,
c7,9.4554E+01,3.6500E+02,5.4665E+02,3.1329E+01,3.7251E+02,2.5677E-01,3.0225E-01,-1.7181E+01,5.1588E-01,6.4549E-05,0.0000E+00,7.1895E+02,
c8,1.0816E+02,3.9228E+02,5.7786E+02,2.8750E+01,4.2151E+02,2.5223E-01,3.5121E-01,-1.2719E+01,6.0101E-01,7.4855E-05,0.0000E+00,7.4288E+02,
c9,1.2192E+02,4.1719E+02,6.0509E+02,2.6423E+01,4.7346E+02,2.4867E-01,3.9826E-01,-9.3185E+00,6.8420E-01,8.4957E-05,0.0000E+00,7.6209E+02,
c10,1.3577E+02,4.4026E+02,6.2933E+02,2.4323E+01,5.2736E+02,2.4514E-01,4.4381E-01,-6.6417E+00,7.6616E-01,9.4920E-05,0.0000E+00,7.7799E+02,
c11,1.4968E+02,4.6182E+02,6.5125E+02,2.2428E+01,5.8259E+02,2.4131E-01,4.8812E-01,-4.4745E+00,8.4732E-01,1.0479E-04,0.0000E+00,7.9146E+02,
c12,1.6363E+02,4.8210E+02,6.7126E+02,2.0715E+01,6.3872E+02,2.3707E-01,5.3137E-01,-2.6740E+00,9.2797E-01,1.1459E-04,0.0000E+00,8.0310E+02,
c13,1.7760E+02,5.0126E+02,6.8968E+02,1.9168E+01,6.9549E+02,2.3249E-01,5.7370E-01,-1.1411E+00,1.0083E+00,1.2435E-04,0.0000E+00,8.1332E+02,
c14,1.9158E+02,5.1943E+02,7.0673E+02,1.7769E+01,7.5270E+02,2.2762E-01,6.1519E-01,1.9492E-01,1.0885E+00,1.3407E-04,0.0000E+00,8.2241E+02,
c15,2.0556E+02,5.3669E+02,7.2258E+02,1.6504E+01,8.1022E+02,2.2258E-01,6.5593E-01,1.3860E+00,1.1686E+00,1.4377E-04,0.0000E+00,8.3060E+02,
c16,2.1955E+02,5.5312E+02,7.3736E+02,1.5359E+01,8.6796E+02,2.1745E-01,6.9597E-01,2.4712E+00,1.2487E+00,1.5345E-04,0.0000E+00,8.3804E+02,
c17,2.3353E+02,5.6879E+02,7.5118E+02,1.4323E+01,9.2583E+02,2.1232E-01,7.3538E-01,3.4803E+00,1.3289E+00,1.6313E-04,0.0000E+00,8.4485E+02,
c18,2.4751E+02,5.8374E+02,7.6412E+02,1.3383E+01,9.8381E+02,2.0724E-01,7.7418E-01,4.4366E+00,1.4093E+00,1.7280E-04,0.0000E+00,8.5114E+02,
c19,2.6149E+02,5.9803E+02,7.7626E+02,1.2531E+01,1.0418E+03,2.0228E-01,8.1243E-01,5.3584E+00,1.4897E+00,1.8247E-04,0.0000E+00,8.5697E+02,
c20,2.7546E+02,6.1169E+02,7.8765E+02,1.1757E+01,1.0999E+03,1.9748E-01,8.5015E-01,6.2604E+00,1.5703E+00,1.9214E-04,0.0000E+00,8.6241E+02,
c21,2.8943E+02,6.2475E+02,7.9836E+02,1.1055E+01,1.1580E+03,1.9286E-01,8.8737E-01,7.1546E+00,1.6511E+00,2.0182E-04,0.0000E+00,8.6750E+02,
c22,3.0339E+02,6.3724E+02,8.0842E+02,1.0416E+01,1.2161E+03,1.8847E-01,9.2413E-01,8.0508E+00,1.7321E+00,2.1150E-04,0.0000E+00,8.7229E+02,
c23,3.1735E+02,6.4921E+02,8.1788E+02,9.8350E+00,1.2743E+03,1.8430E-01,9.6044E-01,8.9571E+00,1.8133E+00,2.2119E-04,0.0000E+00,8.7681E+02,
c24,3.3131E+02,6.6067E+02,8.2677E+02,9.3054E+00,1.3325E+03,1.8037E-01,9.9633E-01,9.8803E+00,1.8948E+00,2.3089E-04,0.0000E+00,8.8109E+02,
c25,3.4526E+02,6.7165E+02,8.3514E+02,8.8223E+00,1.3906E+03,1.7669E-01,1.0318E+00,1.0826E+01,1.9764E+00,2.4060E-04,0.0000E+00,8.8514E+02,
c26,3.5922E+02,6.8217E+02,8.4302E+02,8.3811E+00,1.4489E+03,1.7325E-01,1.0670E+00,1.1799E+01,2.0583E+00,2.5031E-04,0.0000E+00,8.8900E+02,
c27,3.7318E+02,6.9227E+02,8.5043E+02,7.9777E+00,1.5071E+03,1.7004E-01,1.1017E+00,1.2804E+01,2.1404E+00,2.6004E-04,0.0000E+00,8.9266E+02,
c28,3.8715E+02,7.0195E+02,8.5740E+02,7.6083E+00,1.5654E+03,1.6708E-01,1.1362E+00,1.3844E+01,2.2227E+00,2.6978E-04,0.0000E+00,8.9616E+02,
c29,4.0112E+02,7.1125E+02,8.6396E+02,7.2694E+00,1.6238E+03,1.6433E-01,1.1703E+00,1.4923E+01,2.3053E+00,2.7954E-04,0.0000E+00,8.9950E+02,
c30,4.1509E+02,7.2019E+02,8.7015E+02,6.9582E+00,1.6823E+03,1.6180E-01,1.2042E+00,1.6042E+01,2.3881E+00,2.8930E-04,0.0000E+00,9.0269E+02,
c31,4.2908E+02,7.2878E+02,8.7597E+02,6.6718E+00,1.7409E+03,1.5948E-01,1.2377E+00,1.7205E+01,2.4711E+00,2.9908E-04,0.0000E+00,9.0574E+02,
c32,4.4308E+02,7.3705E+02,8.8146E+02,6.4079E+00,1.7995E+03,1.5734E-01,1.2711E+00,1.8413E+01,2.5544E+00,3.0887E-04,0.0000E+00,9.0866E+02,
c33,4.5709E+02,7.4502E+02,8.8664E+02,6.1642E+00,1.8584E+03,1.5539E-01,1.3041E+00,1.9669E+01,2.6378E+00,3.1867E-04,0.0000E+00,9.1145E+02,
c34,4.7111E+02,7.5271E+02,8.9154E+02,5.9387E+00,1.9173E+03,1.5361E-01,1.3370E+00,2.0974E+01,2.7215E+00,3.2849E-04,0.0000E+00,9.1413E+02,
c35,4.8516E+02,7.6014E+02,8.9618E+02,5.7297E+00,1.9764E+03,1.5198E-01,1.3697E+00,2.2329E+01,2.8054E+00,3.3832E-04,0.0000E+00,9.1669E+02,
c36,4.9922E+02,7.6732E+02,9.0057E+02,5.5355E+00,2.0357E+03,1.5050E-01,1.4022E+00,2.3736E+01,2.8896E+00,3.4816E-04,0.0000E+00,9.1914E+02,
c37,5.1330E+02,7.7428E+02,9.0474E+02,5.3548E+00,2.0952E+03,1.4915E-01,1.4346E+00,2.5196E+01,2.9739E+00,3.5802E-04,0.0000E+00,9.2149E+02,
c38,5.2741E+02,7.8103E+02,9.0872E+02,5.1861E+00,2.1550E+03,1.4792E-01,1.4668E+00,2.6710E+01,3.0585E+00,3.6789E-04,0.0000E+00,9.2374E+02,
c39,5.4154E+02,7.8761E+02,9.1252E+02,5.0284E+00,2.2150E+03,1.4680E-01,1.4988E+00,2.8279E+01,3.1432E+00,3.7778E-04,0.0000E+00,9.2589E+02,
c40,5.5570E+02,7.9401E+02,9.1617E+02,4.8806E+00,2.2752E+03,1.4578E-01,1.5308E+00,2.9904E+01,3.2281E+00,3.8767E-04,0.0000E+00,9.2794E+02,
c41,5.6988E+02,8.0027E+02,9.1968E+02,4.7418E+00,2.3357E+03,1.4484E-01,1.5627E+00,3.1586E+01,3.3133E+00,3.9759E-04,0.0000E+00,9.2991E+02,
c42,5.8410E+02,8.0640E+02,9.2307E+02,4.6111E+00,2.3965E+03,1.4399E-01,1.5945E+00,3.3326E+01,3.3986E+00,4.0751E-04,0.0000E+00,9.3178E+02,
c43,5.9835E+02,8.1242E+02,9.2638E+02,4.4877E+00,2.4577E+03,1.4320E-01,1.6263E+00,3.5123E+01,3.4841E+00,4.1745E-04,0.0000E+00,9.3356E+02,
c44,6.1264E+02,8.1835E+02,9.2961E+02,4.3710E+00,2.5192E+03,1.4246E-01,1.6580E+00,3.6980E+01,3.5698E+00,4.2741E-04,0.0000E+00,9.3526E+02,
c45,6.2697E+02,8.2421E+02,9.3279E+02,4.2603E+00,2.5810E+03,1.4178E-01,1.6897E+00,3.8896E+01,3.6557E+00,4.3738E-04,0.0000E+00,9.3688E+02,
c46,6.4134E+02,8.3002E+02,9.3593E+02,4.1551E+00,2.6432E+03,1.4114E-01,1.7215E+00,4.0873E+01,3.7417E+00,4.4736E-04,0.0000E+00,9.3841E+02,
c47,6.5574E+02,8.3579E+02,9.3906E+02,4.0549E+00,2.7059E+03,1.4053E-01,1.7532E+00,4.2909E+01,3.8279E+00,4.5735E-04,0.0000E+00,9.3986E+02,
c48,6.7020E+02,8.4154E+02,9.4220E+02,3.9592E+00,2.7689E+03,1.3994E-01,1.7850E+00,4.5008E+01,3.9142E+00,4.6736E-04,0.0000E+00,9.4122E+02,
c49,6.8470E+02,8.4729E+02,9.4536E+02,3.8676E+00,2.8325E+03,1.3937E-01,1.8168E+00,4.7167E+01,4.0007E+00,4.7738E-04,0.0000E+00,9.4251E+02,
c50,6.9925E+02,8.5306E+02,9.4858E+02,3.7798E+00,2.8964E+03,1.3882E-01,1.8487E+00,4.9389E+01,4.0874E+00,4.8742E-04,0.0000E+00,9.4373E+02,
c51,7.1384E+02,8.5887E+02,9.5185E+02,3.6955E+00,2.9609E+03,1.3826E-01,1.8806E+00,5.1673E+01,4.1742E+00,4.9747E-04,0.0000E+00,9.4486E+02,
c52,7.2850E+02,8.6474E+02,9.5521E+02,3.6143E+00,3.0259E+03,1.3770E-01,1.9127E+00,5.4020E+01,4.2611E+00,5.0753E-04,0.0000E+00,9.4591E+02,
c53,7.4320E+02,8.7068E+02,9.5868E+02,3.5359E+00,3.0914E+03,1.3714E-01,1.9449E+00,5.6430E+01,4.3482E+00,5.1760E-04,0.0000E+00,9.4690E+02,
c54,7.5797E+02,8.7672E+02,9.6227E+02,3.4602E+00,3.1575E+03,1.3656E-01,1.9772E+00,5.8903E+01,4.4354E+00,5.2769E-04,0.0000E+00,9.4780E+02,
c55,7.7279E+02,8.8286E+02,9.6600E+02,3.3869E+00,3.2241E+03,1.3596E-01,2.0097E+00,6.1440E+01,4.5227E+00,5.3780E-04,0.0000E+00,9.4863E+02,
c56,7.8768E+02,8.8913E+02,9.6990E+02,3.3158E+00,3.2914E+03,1.3533E-01,2.0424E+00,6.4042E+01,4.6101E+00,5.4791E-04,0.0000E+00,9.4938E+02,
c57,8.0263E+02,8.9555E+02,9.7398E+02,3.2467E+00,3.3592E+03,1.3468E-01,2.0753E+00,6.6708E+01,4.6976E+00,5.5804E-04,0.0000E+00,9.5007E+02,
c58,8.1765E+02,9.0214E+02,9.7825E+02,3.1795E+00,3.4277E+03,1.3400E-01,2.1083E+00,6.9439E+01,4.7852E+00,5.6818E-04,0.0000E+00,9.5067E+02,
c59,8.3273E+02,9.0890E+02,9.8275E+02,3.1141E+00,3.4969E+03,1.3327E-01,2.1416E+00,7.2235E+01,4.8729E+00,5.7833E-04,0.0000E+00,9.5121E+02,
c60,8.4789E+02,9.1587E+02,9.8749E+02,3.0503E+00,3.5668E+03,1.3251E-01,2.1751E+00,7.5096E+01,4.9608E+00,5.8850E-04,0.0000E+00,9.5167E+02,
c61,8.6312E+02,9.2306E+02,9.9249E+02,2.9880E+00,3.6373E+03,1.3171E-01,2.2089E+00,7.8023E+01,5.0486E+00,5.9867E-04,0.0000E+00,9.5205E+02,
c62,8.7842E+02,9.3048E+02,9.9776E+02,2.9271E+00,3.7086E+03,1.3085E-01,2.2429E+00,8.1016E+01,5.1366E+00,6.0886E-04,0.0000E+00,9.5237E+02,
c63,8.9380E+02,9.3816E+02,1.0033E+03,2.8674E+00,3.7806E+03,1.2995E-01,2.2773E+00,8.4075E+01,5.2247E+00,6.1907E-04,0.0000E+00,9.5261E+02,
c64,9.0926E+02,9.4611E+02,1.0092E+03,2.8090E+00,3.8534E+03,1.2900E-01,2.3119E+00,8.7200E+01,5.3128E+00,6.2928E-04,0.0000E+00,9.5278E+02,
c65,9.2480E+02,9.5435E+02,1.0154E+03,2.7517E+00,3.9270E+03,1.2799E-01,2.3469E+00,9.0391E+01,5.4010E+00,6.3951E-04,0.0000E+00,9.5287E+02,
c66,9.4042E+02,9.6290E+02,1.0220E+03,2.6955E+00,4.0014E+03,1.2693E-01,2.3822E+00,9.3650E+01,5.4892E+00,6.4974E-04,0.0000E+00,9.5290E+02,
c67,9.5614E+02,9.7178E+02,1.0290E+03,2.6402E+00,4.0767E+03,1.2581E-01,2.4179E+00,9.6976E+01,5.5775E+00,6.5999E-04,0.0000E+00,9.5285E+02,
c68,9.7193E+02,9.8100E+02,1.0363E+03,2.5859E+00,4.1528E+03,1.2463E-01,2.4540E+00,1.0037E+02,5.6658E+00,6.7026E-04,0.0000E+00,9.5273E+02,
c69,9.8782E+02,9.9059E+02,1.0441E+03,2.5325E+00,4.2298E+03,1.2340E-01,2.4904E+00,1.0383E+02,5.7542E+00,6.8053E-04,0.0000E+00,9.5254E+02,
c70,1.0038E+03,1.0006E+03,1.0522E+03,2.4800E+00,4.3077E+03,1.2211E-01,2.5273E+00,1.0736E+02,5.8426E+00,6.9081E-04,0.0000E+00,9.5227E+02,
0.01 0.05 0.1 0.2 0.4 0.6 0.8 1.0 1.2 1.5 2.0 3.0 5.0 7.0 10.0
5 7 8 10 12 13 15 19 40 40 40 40 40 40 40
0.3 6.045 6.043 6.04 6.034 6.022 6.011 5.999 5.987 5.975 5.957 5.927 5.868 5.748 5.628 5.446
0.35 5.906 5.904 5.901 5.895 5.895 5.87 5.858 5.848 5.833 5.814 5.783 5.721 5.595 5.469 5.278
0.4 5.763 5.761 5.757 5.751 5.751 5.726 5.713 5.7 5.687 5.668 5.636 5.572 5.442 5.311 5.113
0.45 5.615 5.612 5.609 5.603 5.603 5.577 5.564 5.551 5.538 5.519 5.486 5.421 5.288 5.154 4.95
0.5 5.465 5.463 5.459 5.453 5.453 5.427 5.414 5.401 5.388 5.369 5.336 5.27 5.135 4.999 4.791
0.55 0.032 5.312 5.309 5.303 5.303 5.278 5.265 5.252 5.239 5.22 5.187 5.122 4.986 4.849 4.638
0.6 0.027 5.162 5.159 5.153 5.153 5.129 5.116 5.104 5.091 5.073 5.041 4.976 4.842 4.704 4.492
0.65 0.023 0.118 5.008 5.002 5.002 4.98 4.968 4.956 4.945 4.927 4.896 4.833 4.702 4.565 4.353
0.7 0.02 0.101 0.213 4.848 4.848 4.828 4.818 4.808 4.797 4.781 4.752 4.693 4.566 4.432 4.221
0.75 0.017 0.088 0.183 4.687 4.687 4.672 4.664 4.655 4.646 4.632 4.607 4.554 4.434 4.303 4.095
0.8 0.015 0.078 0.16 0.345 0.345 4.504 4.499 4.494 4.488 4.478 4.459 4.413 4.303 4.178 3.974
0.85 0.014 0.069 0.141 0.3 0.3 4.313 4.316 4.316 4.316 4.312 4.302 4.269 4.173 4.056 3.857
0.9 0.012 0.062 0.126 0.264 0.264 4.074 4.094 4.108 4.118 4.127 4.132 4.119 4.043 3.935 3.744
0.93 0.011 0.058 0.118 0.246 0.246 0.96 3.92 3.953 3.976 4 4.02 4.024 3.963 3.863 3.678
0.95 0.011 0.056 0.113 0.235 0.235 0.885 3.763 3.825 3.865 3.904 3.94 3.958 3.91 3.815 3.634
0.97 0.011 0.054 0.109 0.225 0.225 0.824 1.356 3.658 3.732 3.796 3.853 3.89 3.856 3.767 3.591
0.98 0.01 0.053 0.107 0.221 0.221 0.797 1.273 3.544 3.652 3.736 3.806 3.854 3.829 3.743 3.569
0.99 0.01 0.052 0.105 0.216 0.216 0.773 1.206 3.376 3.558 3.67 3.758 3.818 3.801 3.719 3.548
1 0.01 0.051 0.103 0.212 0.212 0.75 1.151 2.548 3.441 3.598 3.706 3.782 3.774 3.695 3.526
1.01 0.01 0.05 0.101 0.208 0.208 0.728 1.102 1.796 3.283 3.516 3.652 3.744 3.746 3.671 3.505
1.02 0.01 0.049 0.099 0.203 0.203 0.708 1.06 1.627 3.039 3.422 3.595 3.705 3.718 3.647 3.484
1.05 0.009 0.046 0.094 0.192 0.192 0.654 0.955 1.359 2.034 3.03 3.398 3.583 3.632 3.575 3.42
1.1 0.008 0.042 0.086 0.175 0.175 0.581 0.827 1.12 1.487 2.203 2.965 3.353 3.484 3.453 3.315
1.15 0.008 0.039 0.079 0.16 0.16 0.523 0.732 0.968 1.239 1.719 2.479 3.091 3.329 3.329 3.211
1.2 0.007 0.036 0.073 0.148 0.148 0.474 0.657 0.857 1.076 1.443 2.079 2.807 3.166 3.202 3.107
1.3 0.006 0.031 0.063 0.127 0.127 0.399 0.545 0.698 0.86 1.116 1.56 2.274 2.825 2.942 2.899
1.4 0.005 0.027 0.055 0.11 0.11 0.341 0.463 0.588 0.716 0.915 1.253 1.857 2.486 2.679 2.692
1.5 0.005 0.024 0.048 0.097 0.097 0.297 0.4 0.505 0.611 0.774 1.046 1.549 2.175 2.421 2.486
1.6 0.004 0.021 0.043 0.086 0.086 0.261 0.35 0.44 0.531 0.667 0.894 1.318 1.904 2.177 2.285
1.7 0.004 0.019 0.038 0.076 0.076 0.231 0.309 0.378 0.466 0.583 0.777 1.139 1.672 1.953 2.091
1.8 0.003 0.017 0.034 0.068 0.068 0.206 0.275 0.344 0.413 0.515 0.683 0.996 1.476 1.751 1.908
1.9 0.003 0.015 0.031 0.062 0.062 0.185 0.246 0.307 0.368 0.458 0.606 0.88 1.309 1.571 1.736
2 0.003 0.014 0.028 0.056 0.056 0.167 0.222 0.276 0.33 0.411 0.541 0.782 1.167 1.411 1.577
2.2 0.002 0.012 0.023 0.046 0.046 0.137 0.182 0.226 0.269 0.334 0.437 0.629 0.937 1.143 1.295
2.4 0.002 0.01 0.019 0.038 0.038 0.114 0.15 0.187 0.222 0.275 0.359 0.513 0.761 0.929 1.058
2.6 0.002 0.008 0.016 0.032 0.032 0.095 0.125 0.155 0.185 0.228 0.297 0.422 0.621 0.756 0.858
2.8 0.001 0.007 0.014 0.027 0.027 0.08 0.105 0.13 0.154 0.19 0.246 0.348 0.508 0.614 0.689
3 0.001 0.006 0.011 0.023 0.023 0.067 0.088 0.109 0.129 0.159 0.205 0.288 0.415 0.495 0.545
3.5 0.001 0.004 0.007 0.015 0.015 0.043 0.056 0.069 0.081 0.099 0.127 0.174 0.239 0.27 0.264
4 0 0.002 0.005 0.009 0.009 0.026 0.033 0.041 0.048 0.058 0.072 0.095 0.116 0.11 0.061
0.01 0.05 0.1 0.2 0.4 0.6 0.8 1.0 1.2 1.5 2.0 3.0 5.0 7.0 10.0
5 7 8 10 12 13 15 19 40 40 40 40 40 40 40
0.3 11.098 11.096 11.095 11.091 11.083 11.076 11.069 11.062 11.055 11.044 11.027 10.992 10.935 10.872 10.781
0.35 10.656 10.655 10.654 10.653 10.65 10.646 10.643 10.64 10.637 10.632 10.624 10.609 10.581 10.554 10.529
0.4 10.121 10.121 10.121 10.12 10.121 10.121 10.121 10.121 10.121 10.212 10.122 10.123 10.128 10.135 10.15
0.45 9.515 9.515 9.516 9.517 9.519 9.521 9.523 9.525 9.527 9.531 9.537 9.549 9.611 9.611 9.663
0.5 8.868 8.869 8.87 8.872 8.876 8.88 8.884 8.888 8.892 8.899 8.909 8.932 8.978 9.03 9.111
0.55 0.08 8.211 8.212 8.215 8.221 8.226 8.232 8.238 8.243 8.252 8.267 8.298 8.36 8.425 8.531
0.6 0.059 7.568 7.57 7.573 7.579 7.585 7.591 7.596 7.603 7.614 7.6323 7.669 7.745 7.824 7.95
0.65 0.045 0.247 6.949 6.952 6.959 6.966 6.973 6.98 6.987 6.997 7.017 7.059 7.147 7.239 7.381
0.7 0.034 0.185 0.415 6.36 6.367 6.373 6.381 6.388 6.395 6.407 6.429 6.475 6.574 6.677 6.837
0.75 0.027 0.142 0.306 5.796 5.802 5.809 5.816 5.824 5.832 5.845 5.868 5.918 6.027 6.142 6.318
0.8 0.021 0.11 0.234 0.542 5.266 5.271 5.278 5.285 5.293 5.306 5.33 5.385 5.506 5.632 5.824
0.85 0.017 0.087 0.182 0.401 4.753 4.754 4.758 4.763 4.771 4.784 4.81 4.872 5.008 5.149 5.358
0.9 0.014 0.07 0.144 0.308 0.751 4.254 4.248 4.249 4.255 4.268 4.298 4.371 4.53 4.688 4.916
0.93 0.012 0.061 0.126 0.265 0.612 1.236 3.942 3.934 3.937 3.951 3.987 4.073 4.251 4.422 4.662
0.95 0.011 0.056 0.115 0.241 0.542 0.994 3.737 3.712 3.713 3.73 3.773 3.873 4.068 4.248 4.497
0.97 0.01 0.052 0.105 0.219 0.483 0.837 1.616 3.47 3.467 3.492 3.551 3.67 3.885 4.077 4.336
0.98 0.01 0.05 0.101 0.209 0.457 0.776 1.324 3.332 3.327 3.363 3.434 3.568 3.795 3.992 4.257
0.99 0.009 0.048 0.097 0.2 0.433 0.722 1.154 3.164 3.164 3.223 3.313 3.464 3.705 3.909 4.178
1 0.009 0.046 0.093 0.191 0.41 0.675 1.034 2.471 2.952 3.065 3.186 3.358 3.615 3.825 4.1
1.01 0.009 0.044 0.089 0.183 0.389 0.632 0.94 1.375 2.595 2.88 3.051 3.251 3.525 3.742 4.023
1.02 0.008 0.042 0.085 0.175 0.37 0.594 0.863 1.18 1.723 2.65 2.906 3.142 3.435 3.661 3.947
1.05 0.007 0.037 0.075 0.153 0.318 0.498 0.691 0.87 0.8778 1.496 2.381 2.8 3.167 3.418 3.722
1.1 0.006 0.03 0.061 0.123 0.251 0.381 0.507 0.617 0.673 0.617 1.261 2.167 2.72 3.023 3.362
1.15 0.005 0.025 0.05 0.099 0.199 0.296 0.385 0.459 0.503 0.487 0.604 1.497 2.275 2.641 3.019
1.2 0.004 0.02 0.04 0.08 0.158 0.232 0.297 0.349 0.381 0.381 0.361 0.934 1.84 2.273 2.692
1.3 0.003 0.013 0.026 0.052 0.1 0.142 0.177 0.203 0.218 0.218 0.178 0.3 1.066 1.592 2.086
1.4 0.002 0.008 0.016 0.032 0.06 0.083 0.1 0.111 0.115 0.108 0.07 0.044 0.504 1.012 1.547
1.5 0.001 0.005 0.009 0.018 0.032 0.042 0.048 0.049 0.046 0.032 -0.008 -0.078 0.142 0.556 1.08
1.6 0 0.002 0.004 0.007 0.012 0.013 0.011 0.005 -0.004 -0.023 -0.065 -0.151 -0.082 0.217 0.689
1.7 0 0 0 0 -0.003 -0.009 -0.017 -0.027 -0.04 -0.063 -0.109 -0.202 -0.223 -0.028 0.369
1.8 0 -0.001 -0.003 -0.006 -0.015 -0.025 -0.037 -0.051 -0.067 -0.094 -0.143 -0.241 -0.317 -0.203 0.112
1.9 -0.001 -0.003 -0.005 -0.011 -0.023 -0.037 -0.053 -0.07 -0.088 -0.117 -0.169 -0.271 -0.381 -0.303 -0.092
2 -0.001 -0.005 -0.007 -0.015 -0.03 -0.047 -0.065 -0.085 -0.105 -0.136 -0.19 -0.295 -0.428 -0.424 -0.255
2.2 -0.001 -0.006 -0.01 -0.02 -0.04 -0.062 -0.083 -0.106 -0.128 -0.163 -0.221 -0.331 -0.493 -0.551 -0.489
2.4 -0.001 -0.006 -0.012 -0.023 -0.047 -0.071 -0.095 -0.12 -0.144 -0.181 -0.242 -0.356 -0.535 -0.631 -0.645
2.6 -0.001 -0.007 -0.013 -0.026 -0.052 -0.078 -0.104 -0.13 -0.156 -0.194 -0.257 -0.376 -0.567 -0.687 -0.754
2.8 -0.001 -0.007 -0.014 -0.028 -0.055 -0.082 -0.11 -0.137 -0.164 -0.204 -0.269 -0.391 -0.591 -0.729 -0.836
3 -0.001 -0.007 -0.014 -0.029 -0.058 -0.086 -0.114 -0.142 -0.17 -0.211 -0.278 -0.403 -0.611 -0.763 -0.899
3.5 -0.002 -0.008 -0.016 -0.031 -0.062 -0.092 -0.122 -0.152 -0.181 -0.224 -0.294 -0.425 -0.65 -0.827 -1.015
4 -0.002 -0.008 -0.016 -0.032 -0.064 -0.096 -0.127 -0.158 -0.188 -0.233 -0.306 -0.442 -0.68 -0.874 -1.097

n2,2.8010E+01,7.7360E+01,1.2620E+02,3.3960E+01,8.9800E+01,2.9200E-01,3.7200E-02,3.1150E+01,-1.3570E-02,2.6800E-05,-1.1680E-08,0.0000E+00,
h2s,3.4080E+01,2.1350E+02,3.7320E+02,8.9400E+01,9.8600E+01,2.8400E-01,9.7000E-02,3.1940E+01,1.4360E-03,2.4320E-05,-1.1760E-08,0.0000E+00,
c2,3.0070E+01,1.8460E+02,3.0540E+02,4.8800E+01,1.4830E+02,2.8500E-01,9.9000E-02,5.4090E+00,1.7810E-01,-6.9380E-05,8.7130E-09,0.0000E+00,
c3,4.4090E+01,2.3110E+02,3.6980E+02,4.2500E+01,2.0300E+02,2.8100E-01,1.5300E-01,-4.2240E+00,3.0630E-01,-1.5860E-04,3.2150E-08,0.0000E+00,
ic4,5.8120E+01,2.6140E+02,4.0820E+02,3.6500E+01,2.6300E+02,2.8300E-01,1.8300E-01,-1.3900E+00,3.8470E-01,-1.8460E-04,2.8950E-08,0.0000E+00,
nc4,5.8120E+01,2.7270E+02,4.2520E+02,3.8000E+01,2.5500E+02,2.7400E-01,1.9900E-01,9.4870E+00,3.3130E-01,-1.1080E-04,-2.8220E-09,0.0000E+00,
ic5,7.2150E+01,3.0100E+02,4.6040E+02,3.3900E+01,3.0600E+02,2.7100E-01,2.2700E-01,-9.5250E+00,5.0660E-01,2.7290E-04,5.7230E-08,0.0000E+00,
nc5,7.2150E+01,3.0920E+02,4.6970E+02,3.3700E+01,3.0400E+02,2.6300E-01,2.5100E-01,-3.6260E+00,4.8730E-01,-2.5800E-04,5.3050E-08,0.0000E+00,
c6,8.1185E+01,3.3453E+02,5.0981E+02,3.4188E+01,3.2814E+02,2.6466E-01,2.5073E-01,2.3276E+02,-2.6196E-01,5.6840E-05,0.0000E+00,6.8796E+02,
c7,9.4554E+01,3.6500E+02,5.4665E+02,3.1329E+01,3.7251E+02,2.5677E-01,3.0225E-01,2.6726E+02,-3.0094E-01,6.6278E-05,0.0000E+00,7.1895E+02,
c8,1.0816E+02,3.9228E+02,5.7786E+02,2.8750E+01,4.2151E+02,2.5223E-01,3.5121E-01,3.0352E+02,-3.4178E-01,7.5818E-05,0.0000E+00,7.4288E+02,
c9,1.2192E+02,4.1719E+02,6.0509E+02,2.6423E+01,4.7346E+02,2.4867E-01,3.9826E-01,3.4092E+02,-3.8383E-01,8.5422E-05,0.0000E+00,7.6209E+02,
c10,1.3577E+02,4.4026E+02,6.2933E+02,2.4323E+01,5.2736E+02,2.4514E-01,4.4381E-01,3.7909E+02,-4.2670E-01,9.5066E-05,0.0000E+00,7.7799E+02,
c11,1.4968E+02,4.6182E+02,6.5125E+02,2.2428E+01,5.8259E+02,2.4131E-01,4.8812E-01,4.1781E+02,-4.7016E-01,1.0474E-04,0.0000E+00,7.9146E+02,
c12,1.6363E+02,4.8210E+02,6.7126E+02,2.0715E+01,6.3872E+02,2.3707E-01,5.3137E-01,4.5691E+02,-5.1404E-01,1.1442E-04,0.0000E+00,8.0310E+02,
c13,1.7760E+02,5.0126E+02,6.8968E+02,1.9168E+01,6.9549E+02,2.3249E-01,5.7370E-01,4.9631E+02,-5.5824E-01,1.2412E-04,0.0000E+00,8.1332E+02,
c14,1.9158E+02,5.1943E+02,7.0673E+02,1.7769E+01,7.5270E+02,2.2762E-01,6.1519E-01,5.3592E+02,-6.0268E-01,1.3383E-04,0.0000E+00,8.2241E+02,
c15,2.0556E+02,5.3669E+02,7.2258E+02,1.6504E+01,8.1022E+02,2.2258E-01,6.5593E-01,5.7570E+02,-6.4730E-01,1.4353E-04,0.0000E+00,8.3060E+02,
c16,2.1955E+02,5.5312E+02,7.3736E+02,1.5359E+01,8.6796E+02,2.1745E-01,6.9597E-01,6.1561E+02,-6.9207E-01,1.5325E-04,0.0000E+00,8.3804E+02,
c17,2.3353E+02,5.6879E+02,7.5118E+02,1.4323E+01,9.2583E+02,2.1232E-01,7.3538E-01,6.5563E+02,-7.3697E-01,1.6296E-04,0.0000E+00,8.4485E+02,
c18,2.4751E+02,5.8374E+02,7.6412E+02,1.3383E+01,9.8381E+02,2.0724E-01,7.7418E-01,6.9573E+02,-7.8196E-01,1.7267E-04,0.0000E+00,8.5114E+02,
c19,2.6149E+02,5.9803E+02,7.7626E+02,1.2531E+01,1.0418E+03,2.0228E-01,8.1243E-01,7.3592E+02,-8.2705E-01,1.8239E-04,0.0000E+00,8.5697E+02,
c20,2.7546E+02,6.1169E+02,7.8765E+02,1.1757E+01,1.0999E+03,1.9748E-01,8.5015E-01,7.7618E+02,-8.7221E-01,1.9210E-04,0.0000E+00,8.6241E+02,
c21,2.8943E+02,6.2475E+02,7.9836E+02,1.1055E+01,1.1580E+03,1.9286E-01,8.8737E-01,8.1650E+02,-9.1745E-01,2.0182E-04,0.0000E+00,8.6750E+02,
c22,3.0339E+02,6.3724E+02,8.0842E+02,1.0416E+01,1.2161E+03,1.8847E-01,9.2413E-01,8.5689E+02,-9.6276E-01,2.1154E-04,0.0000E+00,8.7229E+02,
c23,3.1735E+02,6.4921E+02,8.1788E+02,9.8350E+00,1.2743E+03,1.8430E-01,9.6044E-01,8.9734E+02,-1.0081E+00,2.2126E-04,0.0000E+00,8.7681E+02,
c24,3.3131E+02,6.6067E+02,8.2677E+02,9.3054E+00,1.3325E+03,1.8037E-01,9.9633E-01,9.3786E+02,-1.0536E+00,2.3098E-04,0.0000E+00,8.8109E+02,
c25,3.4526E+02,6.7165E+02,8.3514E+02,8.8223E+00,1.3906E+03,1.7669E-01,1.0318E+00,9.7844E+02,-1.0991E+00,2.4070E-04,0.0000E+00,8.8514E+02,
c26,3.5922E+02,6.8217E+02,8.4302E+02,8.3811E+00,1.4489E+03,1.7325E-01,1.0670E+00,1.0191E+03,-1.1447E+00,2.5043E-04,0.0000E+00,8.8900E+02,
c27,3.7318E+02,6.9227E+02,8.5043E+02,7.9777E+00,1.5071E+03,1.7004E-01,1.1017E+00,1.0598E+03,-1.1903E+00,2.6017E-04,0.0000E+00,8.9266E+02,
c28,3.8715E+02,7.0195E+02,8.5740E+02,7.6083E+00,1.5654E+03,1.6708E-01,1.1362E+00,1.1006E+03,-1.2360E+00,2.6991E-04,0.0000E+00,8.9616E+02,
c29,4.0112E+02,7.1125E+02,8.6396E+02,7.2694E+00,1.6238E+03,1.6433E-01,1.1703E+00,1.1415E+03,-1.2818E+00,2.7965E-04,0.0000E+00,8.9950E+02,
c30,4.1509E+02,7.2019E+02,8.7015E+02,6.9582E+00,1.6823E+03,1.6180E-01,1.2042E+00,1.1825E+03,-1.3277E+00,2.8941E-04,0.0000E+00,9.0269E+02,
c31,4.2908E+02,7.2878E+02,8.7597E+02,6.6718E+00,1.7409E+03,1.5948E-01,1.2377E+00,1.2236E+03,-1.3737E+00,2.9917E-04,0.0000E+00,9.0574E+02,
c32,4.4308E+02,7.3705E+02,8.8146E+02,6.4079E+00,1.7995E+03,1.5734E-01,1.2711E+00,1.2647E+03,-1.4198E+00,3.0894E-04,0.0000E+00,9.0866E+02,
c33,4.5709E+02,7.4502E+02,8.8664E+02,6.1642E+00,1.8584E+03,1.5539E-01,1.3041E+00,1.3060E+03,-1.4660E+00,3.1872E-04,0.0000E+00,9.1145E+02,
c34,4.7111E+02,7.5271E+02,8.9154E+02,5.9387E+00,1.9173E+03,1.5361E-01,1.3370E+00,1.3474E+03,-1.5123E+00,3.2852E-04,0.0000E+00,9.1413E+02,
c35,4.8516E+02,7.6014E+02,8.9618E+02,5.7297E+00,1.9764E+03,1.5198E-01,1.3697E+00,1.3889E+03,-1.5587E+00,3.3832E-04,0.0000E+00,9.1669E+02,
c36,4.9922E+02,7.6732E+02,9.0057E+02,5.5355E+00,2.0357E+03,1.5050E-01,1.4022E+00,1.4306E+03,-1.6052E+00,3.4814E-04,0.0000E+00,9.1914E+02,
c37,5.1330E+02,7.7428E+02,9.0474E+02,5.3548E+00,2.0952E+03,1.4915E-01,1.4346E+00,1.4723E+03,-1.6518E+00,3.5798E-04,0.0000E+00,9.2149E+02,
c38,5.2741E+02,7.8103E+02,9.0872E+02,5.1861E+00,2.1550E+03,1.4792E-01,1.4668E+00,1.5143E+03,-1.6986E+00,3.6782E-04,0.0000E+00,9.2374E+02,
c39,5.4154E+02,7.8761E+02,9.1252E+02,5.0284E+00,2.2150E+03,1.4680E-01,1.4988E+00,1.5564E+03,-1.7455E+00,3.7769E-04,0.0000E+00,9.2589E+02,
c40,5.5570E+02,7.9401E+02,9.1617E+02,4.8806E+00,2.2752E+03,1.4578E-01,1.5308E+00,1.5986E+03,-1.7925E+00,3.8757E-04,0.0000E+00,9.2794E+02,
c41,5.6988E+02,8.0027E+02,9.1968E+02,4.7418E+00,2.3357E+03,1.4484E-01,1.5627E+00,1.6410E+03,-1.8397E+00,3.9747E-04,0.0000E+00,9.2991E+02,
c42,5.8410E+02,8.0640E+02,9.2307E+02,4.6111E+00,2.3965E+03,1.4399E-01,1.5945E+00,1.6836E+03,-1.8871E+00,4.0740E-04,0.0000E+00,9.3178E+02,
c43,5.9835E+02,8.1242E+02,9.2638E+02,4.4877E+00,2.4577E+03,1.4320E-01,1.6263E+00,1.7263E+03,-1.9346E+00,4.1734E-04,0.0000E+00,9.3356E+02,
c44,6.1264E+02,8.1835E+02,9.2961E+02,4.3710E+00,2.5192E+03,1.4246E-01,1.6580E+00,1.7693E+03,-1.9823E+00,4.2730E-04,0.0000E+00,9.3526E+02,
c45,6.2697E+02,8.2421E+02,9.3279E+02,4.2603E+00,2.5810E+03,1.4178E-01,1.6897E+00,1.8124E+03,-2.0302E+00,4.3729E-04,0.0000E+00,9.3688E+02,
c46,6.4134E+02,8.3002E+02,9.3593E+02,4.1551E+00,2.6432E+03,1.4114E-01,1.7215E+00,1.8558E+03,-2.0782E+00,4.4730E-04,0.0000E+00,9.3841E+02,
c47,6.5574E+02,8.3579E+02,9.3906E+02,4.0549E+00,2.7059E+03,1.4053E-01,1.7532E+00,1.8994E+03,-2.1265E+00,4.5733E-04,0.0000E+00,9.3986E+02,
c48,6.7020E+02,8.4154E+02,9.4220E+02,3.9592E+00,2.7689E+03,1.3994E-01,1.7850E+00,1.9432E+03,-2.1750E+00,4.6739E-04,0.0000E+00,9.4122E+02,
c49,6.8470E+02,8.4729E+02,9.4536E+02,3.8676E+00,2.8325E+03,1.3937E-01,1.8168E+00,1.9872E+03,-2.2236E+00,4.7748E-04,0.0000E+00,9.4251E+02,
c50,6.9925E+02,8.5306E+02,9.4858E+02,3.7798E+00,2.8964E+03,1.3882E-01,1.8487E+00,2.0314E+03,-2.2725E+00,4.8760E-04,0.0000E+00,9.4373E+02,
c51,7.1384E+02,8.5887E+02,9.5185E+02,3.6955E+00,2.9609E+03,1.3826E-01,1.8806E+00,2.0760E+03,-2.3216E+00,4.9775E-04,0.0000E+00,9.4486E+02,
c52,7.2850E+02,8.6474E+02,9.5521E+02,3.6143E+00,3.0259E+03,1.3770E-01,1.9127E+00,2.1207E+03,-2.3709E+00,5.0792E-04,0.0000E+00,9.4591E+02,
c53,7.4320E+02,8.7068E+02,9.5868E+02,3.5359E+00,3.0914E+03,1.3714E-01,1.9449E+00,2.1657E+03,-2.4205E+00,5.1813E-04,0.0000E+00,9.4690E+02,
c54,7.5797E+02,8.7672E+02,9.6227E+02,3.4602E+00,3.1575E+03,1.3656E-01,1.9772E+00,2.2111E+03,-2.4702E+00,5.2837E-04,0.0000E+00,9.4780E+02,
c55,7.7279E+02,8.8286E+02,9.6600E+02,3.3869E+00,3.2241E+03,1.3596E-01,2.0097E+00,2.2566E+03,-2.5203E+00,5.3864E-04,0.0000E+00,9.4863E+02,
c56,7.8768E+02,8.8913E+02,9.6990E+02,3.3158E+00,3.2914E+03,1.3533E-01,2.0424E+00,2.3025E+03,-2.5706E+00,5.4895E-04,0.0000E+00,9.4938E+02,
c57,8.0263E+02,8.9555E+02,9.7398E+02,3.2467E+00,3.3592E+03,1.3468E-01,2.0753E+00,2.3487E+03,-2.6212E+00,5.5930E-04,0.0000E+00,9.5007E+02,
c58,8.1765E+02,9.0214E+02,9.7825E+02,3.1795E+00,3.4277E+03,1.3400E-01,2.1083E+00,2.3951E+03,-2.6720E+00,5.6968E-04,0.0000E+00,9.5067E+02,
c59,8.3273E+02,9.0890E+02,9.8275E+02,3.1141E+00,3.4969E+03,1.3327E-01,2.1416E+00,2.4419E+03,-2.7231E+00,5.8010E-04,0.0000E+00,9.5121E+02,
c60,8.4789E+02,9.1587E+02,9.8749E+02,3.0503E+00,3.5668E+03,1.3251E-01,2.1751E+00,2.4890E+03,-2.7745E+00,5.9056E-04,0.0000E+00,9.5167E+02,
c61,8.6312E+02,9.2306E+02,9.9249E+02,2.9880E+00,3.6373E+03,1.3171E-01,2.2089E+00,2.5365E+03,-2.8263E+00,6.0105E-04,0.0000E+00,9.5205E+02,
c62,8.7842E+02,9.3048E+02,9.9776E+02,2.9271E+00,3.7086E+03,1.3085E-01,2.2429E+00,2.5843E+03,-2.8783E+00,6.1159E-04,0.0000E+00,9.5237E+02,
c63,8.9380E+02,9.3816E+02,1.0033E+03,2.8674E+00,3.7806E+03,1.2995E-01,2.2773E+00,2.6324E+03,-2.9306E+00,6.2218E-04,0.0000E+00,9.5261E+02,
c64,9.0926E+02,9.4611E+02,1.0092E+03,2.8090E+00,3.8534E+03,1.2900E-01,2.3119E+00,2.6809E+03,-2.9832E+00,6.3280E-04,0.0000E+00,9.5278E+02,
c65,9.2480E+02,9.5435E+02,1.0154E+03,2.7517E+00,3.9270E+03,1.2799E-01,2.3469E+00,2.7297E+03,-3.0362E+00,6.4347E-04,0.0000E+00,9.5287E+02,
c66,9.4042E+02,9.6290E+02,1.0220E+03,2.6955E+00,4.0014E+03,1.2693E-01,2.3822E+00,2.7789E+03,-3.0894E+00,6.5419E-04,0.0000E+00,9.5290E+02,
c67,9.5614E+02,9.7178E+02,1.0290E+03,2.6402E+00,4.0767E+03,1.2581E-01,2.4179E+00,2.8285E+03,-3.1431E+00,6.6495E-04,0.0000E+00,9.5285E+02,
c68,9.7193E+02,9.8100E+02,1.0363E+03,2.5859E+00,4.1528E+03,1.2463E-01,2.4540E+00,2.8785E+03,-3.1970E+00,6.7576E-04,0.0000E+00,9.5273E+02,
c69,9.8782E+02,9.9059E+02,1.0441E+03,2.5325E+00,4.2298E+03,1.2340E-01,2.4904E+00,2.9289E+03,-3.2513E+00,6.8662E-04,0.0000E+00,9.5254E+02,
c70,1.0038E+03,1.0006E+03,1.0522E+03,2.4800E+00,4.3077E+03,1.2211E-01,2.5273E+00,2.9797E+03,-3.3060E+00,6.9753E-04,0.0000E+00,9.5227E+02,

n2,2.801E+01,7.736E+01,1.262E+02,3.396E+01,8.980E+01,2.920E-01,3.720E-02,3.115E+01,-1.357E-02,2.680E-05,-1.168E-08,0.000E+00,
h2s,3.408E+01,2.135E+02,3.732E+02,8.940E+01,9.860E+01,2.840E-01,9.700E-02,3.194E+01,1.436E-03,2.432E-05,-1.176E-08,0.000E+00,
c2,3.007E+01,1.846E+02,3.054E+02,4.880E+01,1.483E+02,2.850E-01,9.900E-02,5.409E+00,1.781E-01,-6.938E-05,8.713E-09,0.000E+00,
c3,4.409E+01,2.311E+02,3.698E+02,4.250E+01,2.030E+02,2.810E-01,1.530E-01,-4.224E+00,3.063E-01,-1.586E-04,3.215E-08,0.000E+00,
ic4,5.812E+01,2.614E+02,4.082E+02,3.650E+01,2.630E+02,2.830E-01,1.830E-01,-1.390E+00,3.847E-01,-1.846E-04,2.895E-08,0.000E+00,
nc4,5.812E+01,2.727E+02,4.252E+02,3.800E+01,2.550E+02,2.740E-01,1.990E-01,9.487E+00,3.313E-01,-1.108E-04,-2.822E-09,0.000E+00,
ic5,7.215E+01,3.010E+02,4.604E+02,3.390E+01,3.060E+02,2.710E-01,2.270E-01,-9.525E+00,5.066E-01,2.729E-04,5.723E-08,0.000E+00,
nc5,7.215E+01,3.092E+02,4.697E+02,3.370E+01,3.040E+02,2.630E-01,2.510E-01,-3.626E+00,4.873E-01,-2.580E-04,5.305E-08,0.000E+00,
c6,8.200E+01,3.381E+02,5.148E+02,3.770E+01,3.189E+02,2.809E-01,2.547E-01,2.381E+02,-2.665E-01,5.721E-05,0.000E+00,6.850E+02,
c7,9.500E+01,3.659E+02,5.472E+02,3.335E+01,3.701E+02,2.713E-01,3.033E-01,2.670E+02,-3.015E-01,6.664E-05,0.000E+00,7.220E+02,
c8,1.070E+02,3.896E+02,5.740E+02,3.008E+01,4.175E+02,2.632E-01,3.463E-01,2.976E+02,-3.364E-01,7.526E-05,0.000E+00,7.450E+02,
c9,1.210E+02,4.152E+02,6.020E+02,2.693E+01,4.730E+02,2.545E-01,3.945E-01,3.366E+02,-3.797E-01,8.495E-05,0.000E+00,7.640E+02,
c10,1.360E+02,4.406E+02,6.289E+02,2.416E+01,5.326E+02,2.461E-01,4.443E-01,3.792E+02,-4.270E-01,9.527E-05,0.000E+00,7.780E+02,
c11,1.490E+02,4.611E+02,6.499E+02,2.213E+01,5.845E+02,2.393E-01,4.860E-01,4.159E+02,-4.679E-01,1.043E-04,0.000E+00,7.890E+02,
c12,1.630E+02,4.818E+02,6.706E+02,2.025E+01,6.405E+02,2.326E-01,5.298E-01,4.557E+02,-5.123E-01,1.139E-04,0.000E+00,8.000E+02,
c13,1.760E+02,4.999E+02,6.883E+02,1.873E+01,6.926E+02,2.267E-01,5.695E-01,4.924E+02,-5.534E-01,1.229E-04,0.000E+00,8.110E+02,
c14,1.910E+02,5.196E+02,7.070E+02,1.721E+01,7.530E+02,2.205E-01,6.143E-01,5.352E+02,-6.014E-01,1.333E-04,0.000E+00,8.220E+02,
c15,2.070E+02,5.394E+02,7.253E+02,1.580E+01,8.177E+02,2.142E-01,6.610E-01,5.810E+02,-6.528E-01,1.445E-04,0.000E+00,8.320E+02,
c16,2.210E+02,5.557E+02,7.400E+02,1.472E+01,8.744E+02,2.091E-01,7.010E-01,6.208E+02,-6.976E-01,1.542E-04,0.000E+00,8.390E+02,
c17,2.370E+02,5.734E+02,7.556E+02,1.362E+01,9.394E+02,2.037E-01,7.458E-01,6.667E+02,-7.492E-01,1.653E-04,0.000E+00,8.470E+02,
c18,2.490E+02,5.860E+02,7.665E+02,1.288E+01,9.884E+02,1.998E-01,7.790E-01,7.007E+02,-7.874E-01,1.737E-04,0.000E+00,8.520E+02,
c19,2.610E+02,5.980E+02,7.767E+02,1.221E+01,1.037E+03,1.961E-01,8.117E-01,7.348E+02,-8.257E-01,1.820E-04,0.000E+00,8.570E+02,
c20,2.750E+02,6.116E+02,7.879E+02,1.149E+01,1.095E+03,1.920E-01,8.493E-01,7.750E+02,-8.708E-01,1.918E-04,0.000E+00,8.620E+02,
c21,2.890E+02,6.245E+02,7.984E+02,1.083E+01,1.152E+03,1.880E-01,8.865E-01,8.152E+02,-9.160E-01,2.015E-04,0.000E+00,8.670E+02,
c22,3.030E+02,6.368E+02,8.083E+02,1.024E+01,1.210E+03,1.843E-01,9.231E-01,8.555E+02,-9.613E-01,2.113E-04,0.000E+00,8.720E+02,
c23,3.170E+02,6.487E+02,8.176E+02,9.691E+00,1.268E+03,1.807E-01,9.594E-01,8.960E+02,-1.007E+00,2.211E-04,0.000E+00,8.770E+02,
c24,3.310E+02,6.600E+02,8.263E+02,9.189E+00,1.326E+03,1.773E-01,9.953E-01,9.365E+02,-1.052E+00,2.308E-04,0.000E+00,8.810E+02,
c25,3.450E+02,6.709E+02,8.345E+02,8.727E+00,1.384E+03,1.741E-01,1.031E+00,9.771E+02,-1.098E+00,2.406E-04,0.000E+00,8.850E+02,
c26,3.590E+02,6.814E+02,8.423E+02,8.300E+00,1.442E+03,1.709E-01,1.066E+00,1.018E+03,-1.144E+00,2.503E-04,0.000E+00,8.890E+02,
c27,3.730E+02,6.915E+02,8.496E+02,7.904E+00,1.501E+03,1.679E-01,1.101E+00,1.059E+03,-1.189E+00,2.601E-04,0.000E+00,8.930E+02,
c28,3.870E+02,7.012E+02,8.565E+02,7.537E+00,1.559E+03,1.650E-01,1.135E+00,1.100E+03,-1.235E+00,2.699E-04,0.000E+00,8.960E+02,
c29,4.000E+02,7.099E+02,8.626E+02,7.220E+00,1.614E+03,1.624E-01,1.167E+00,1.138E+03,-1.278E+00,2.789E-04,0.000E+00,8.990E+02,
c30,4.150E+02,7.196E+02,8.693E+02,6.878E+00,1.677E+03,1.596E-01,1.203E+00,1.182E+03,-1.327E+00,2.894E-04,0.000E+00,9.020E+02,
c31,4.290E+02,7.283E+02,8.752E+02,6.580E+00,1.736E+03,1.570E-01,1.237E+00,1.223E+03,-1.373E+00,2.992E-04,0.000E+00,9.060E+02,
c32,4.430E+02,7.367E+02,8.808E+02,6.302E+00,1.795E+03,1.545E-01,1.270E+00,1.264E+03,-1.419E+00,3.089E-04,0.000E+00,9.090E+02,
c33,4.570E+02,7.448E+02,8.861E+02,6.042E+00,1.854E+03,1.520E-01,1.304E+00,1.305E+03,-1.466E+00,3.187E-04,0.000E+00,9.120E+02,
c34,4.710E+02,7.526E+02,8.912E+02,5.797E+00,1.913E+03,1.497E-01,1.336E+00,1.347E+03,-1.512E+00,3.285E-04,0.000E+00,9.140E+02,
c35,4.850E+02,7.602E+02,8.960E+02,5.567E+00,1.973E+03,1.474E-01,1.369E+00,1.388E+03,-1.558E+00,3.382E-04,0.000E+00,9.170E+02,
c36,4.990E+02,7.676E+02,9.005E+02,5.350E+00,2.033E+03,1.452E-01,1.402E+00,1.430E+03,-1.605E+00,3.480E-04,0.000E+00,9.190E+02,
c37,5.130E+02,7.747E+02,9.049E+02,5.146E+00,2.092E+03,1.431E-01,1.434E+00,1.472E+03,-1.651E+00,3.578E-04,0.000E+00,9.220E+02,
c38,5.260E+02,7.811E+02,9.087E+02,4.967E+00,2.148E+03,1.412E-01,1.464E+00,1.510E+03,-1.694E+00,3.668E-04,0.000E+00,9.240E+02,
c39,5.420E+02,7.887E+02,9.132E+02,4.759E+00,2.217E+03,1.389E-01,1.500E+00,1.558E+03,-1.747E+00,3.780E-04,0.000E+00,9.260E+02,
c40,5.560E+02,7.951E+02,9.170E+02,4.587E+00,2.277E+03,1.370E-01,1.532E+00,1.600E+03,-1.794E+00,3.878E-04,0.000E+00,9.280E+02,
c41,5.700E+02,8.014E+02,9.205E+02,4.424E+00,2.337E+03,1.351E-01,1.563E+00,1.642E+03,-1.841E+00,3.975E-04,0.000E+00,9.300E+02,
c42,5.840E+02,8.075E+02,9.239E+02,4.270E+00,2.397E+03,1.332E-01,1.595E+00,1.684E+03,-1.887E+00,4.073E-04,0.000E+00,9.310E+02,
c43,5.990E+02,8.138E+02,9.274E+02,4.113E+00,2.462E+03,1.313E-01,1.628E+00,1.729E+03,-1.937E+00,4.178E-04,0.000E+00,9.330E+02,
c44,6.140E+02,8.199E+02,9.307E+02,3.965E+00,2.527E+03,1.295E-01,1.662E+00,1.774E+03,-1.987E+00,4.282E-04,0.000E+00,9.350E+02,
c45,6.290E+02,8.258E+02,9.339E+02,3.825E+00,2.592E+03,1.277E-01,1.695E+00,1.819E+03,-2.037E+00,4.387E-04,0.000E+00,9.370E+02,
c46,6.410E+02,8.304E+02,9.363E+02,3.717E+00,2.644E+03,1.263E-01,1.721E+00,1.855E+03,-2.077E+00,4.471E-04,0.000E+00,9.369E+02,
c47,6.560E+02,8.360E+02,9.391E+02,3.589E+00,2.709E+03,1.245E-01,1.754E+00,1.900E+03,-2.128E+00,4.575E-04,0.000E+00,9.382E+02,
c48,6.700E+02,8.411E+02,9.417E+02,3.476E+00,2.770E+03,1.230E-01,1.784E+00,1.942E+03,-2.174E+00,4.673E-04,0.000E+00,9.394E+02,
c49,6.840E+02,8.460E+02,9.442E+02,3.367E+00,2.831E+03,1.214E-01,1.815E+00,1.985E+03,-2.221E+00,4.771E-04,0.000E+00,9.405E+02,
c50,6.980E+02,8.508E+02,9.465E+02,3.263E+00,2.892E+03,1.199E-01,1.845E+00,2.027E+03,-2.268E+00,4.868E-04,0.000E+00,9.415E+02,
