 Welcome to ...


                           STOMP
        Subsurface Transport Over Multiple Phases


 This file was produced by STOMP, a numerical simulator
 developed by the Pacific Northwest Laboratory, with
 support from the VOC-Arid Integrated Demonstration Project,
 Office of Technology Development, U.S. Department of Energy.
 Results from this version of STOMP should not be used for
 license related applications.

 For inquiries or assistance:  Call (509) 372-6070

                       ---  RESTART  ---


Version: 1087                                                            
Date: 
Time: 

 1.000000000000000E+00 1.000000000000000E+00 3.600000000000000E+02 1.000000000000000E+20 1.250000000000000E+00 1.000000000000000E-06 2.000000000000000E-01        8      751       10        1        1        0       25        4       10        0
 2.000000000000000E+01  1.162426276521366E+04  7.398099999999975E+02  1.000000000000000E+00  0.000000000000000E+00  1.000000000000000E+00  1.020648100000000E+05  0.000000000000000E+00   2  1  1.110802561800398E-01  1.328713932897762E-04  3.368442724939238E-09  4.000091150704845E-01  1.239040000000001E-30  1.239040000000000E-30  1.266656690308422E-16  0.000000000000000E+00  0.000000000000000E+00  1.331000000000000E-27  0.000000000000000E+00  4.024152591581353E-04  2.576816000000001E-26  3.951779636575298E-25  6.312980982432996E-05  1.267570802708150E-16  1.331000000000000E-27  2.116813031276594E-17  1.097491805407976E-20  4.000091150704845E-01  1.250028479134398E-02  4.247795503317282E-06  3.525530801810600E-20  0.000000000000000E+00  2.342560000000000E-27  5.440117678964245E-02  0.000000000000000E+00  0.000000000000000E+00  0.000000000000000E+00  0.000000000000000E+00
 2.000000000000000E+01  1.047853395184006E+04  7.398099999999975E+02  1.000000000000000E+00  0.000000000000000E+00  1.000000000000000E+00  1.020648100000000E+05  0.000000000000000E+00   2 -1  3.084636280569704E-05  1.329216951843803E-04  3.361743714765939E-09  4.000081555622147E-01  0.000000000000000E+00  1.760000000000000E-30  1.050588350765155E-18  7.744000000000001E-30  2.129600000000000E-28  1.210000000000000E-28  2.129600000000000E-28  4.028911093873982E-04  5.856400000000002E-27  7.744000000000001E-30  6.307893932677260E-05  1.049383218271989E-18  1.100000000000000E-29  1.744093107352679E-19  9.083557448903157E-23  4.000081555622147E-01  1.250025486130395E-02  4.242754156245845E-06  2.918497677036176E-22  0.000000000000000E+00  1.210000000000000E-28  5.440104630032635E-02  0.000000000000000E+00  0.000000000000000E+00  0.000000000000000E+00  0.000000000000000E+00
 2.000000000000000E+01  9.332804420975076E+03  7.398099999999975E+02  1.000000000000000E+00  0.000000000000000E+00  1.000000000000000E+00  1.020648100000000E+05  0.000000000000000E+00   2  1  8.565886263283828E-09  1.329214082621938E-04  3.361731493958147E-09  4.000071960802321E-01  4.742967834731580E-30  1.566849063808738E-28  1.051538481549878E-18  7.744000000000003E-30  2.129600000000000E-28  1.100000000000000E-29  2.129600000000000E-28  4.028902549928429E-04  2.129600000000000E-28  4.471858115120392E-27  6.307875608563497E-05  1.047467776940627E-18  1.100000000000000E-29  1.744994880134191E-19  9.069338927522082E-23  4.000071960802321E-01  1.250022487750725E-02  4.242738758482862E-06  2.920495066471488E-22  0.000000000000000E+00  3.504298372768753E-23  5.440091581092853E-02  0.000000000000000E+00  0.000000000000000E+00  0.000000000000000E+00  0.000000000000000E+00
 2.000000000000000E+01  8.187074172617583E+03  7.398099999999975E+02  1.000000000000000E+00  0.000000000000000E+00  1.000000000000000E+00  1.020648100000000E+05  0.000000000000000E+00   2  1  2.378712180800780E-12  1.329211071798916E-04  3.361721143467681E-09  4.000062365976562E-01  4.211370673496856E-29  3.732152263052530E-30  3.801786152223039E-20  2.120120855655617E-30  2.827322331234610E-30  0.000000000000000E+00  1.128778844347085E-27  4.028892670604684E-04  7.744000000000003E-30  1.280480508111705E-26  6.307858703181642E-05  3.813564049671391E-20  0.000000000000000E+00  6.352188962108404E-21  3.301344404029675E-24  4.000062365976562E-01  1.250019489367675E-02  4.242724766956000E-06  2.645963355441098E-23  0.000000000000000E+00  0.000000000000000E+00  5.440078532144900E-02  0.000000000000000E+00  0.000000000000000E+00  0.000000000000000E+00  0.000000000000000E+00
 2.000000000000000E+01  7.041343206766431E+03  7.398099999999975E+02  1.000000000000000E+00  0.000000000000000E+00  1.000000000000000E+00  1.020648100000000E+05  0.000000000000000E+00   2  1  0.000000000000000E+00  1.329208060940944E-04  3.361710793408556E-09  4.000052771144793E-01  2.129600000000000E-28  2.129600000000000E-28  3.820285829695771E-20  2.129600000000000E-28  0.000000000000000E+00  1.780392530753123E-29  2.129600000000000E-28  4.028882790971203E-04  2.129600000000000E-28  2.129600000000000E-28  6.307841798120700E-05  3.815868104387000E-20  0.000000000000000E+00  6.345593071972681E-21  3.303051146414981E-24  4.000052771144793E-01  1.250016490982748E-02  4.242710775760915E-06  2.657353995499719E-23  1.297169037446754E-29  9.831345709745827E-30  5.440065483188774E-02  0.000000000000000E+00  0.000000000000000E+00  0.000000000000000E+00  0.000000000000000E+00
 2.000000000000000E+01  5.895611523420476E+03  7.398099999999975E+02  1.000000000000000E+00  0.000000000000000E+00  1.000000000000000E+00  1.020648100000000E+05  0.000000000000000E+00   2 -1  0.000000000000000E+00  1.329205050080300E-04  3.361700443354192E-09  4.000043176307015E-01  0.000000000000000E+00  2.129600000000000E-28  3.814348394863451E-20  2.129600000000000E-28  7.744000000000001E-30  8.436202058031713E-30  7.744000000000001E-30  4.028872911332535E-04  2.129600000000000E-28  2.129600000000000E-28  6.307824893057044E-05  3.810933902364430E-20  0.000000000000000E+00  6.375022095941653E-21  3.299387656795123E-24  4.000043176307015E-01  1.250013492595942E-02  4.242696784576903E-06  2.653521353065535E-23  1.299903857967784E-29  4.437912099054049E-23  5.440052434224477E-02  0.000000000000000E+00  0.000000000000000E+00  0.000000000000000E+00  0.000000000000000E+00
 2.000000000000000E+01  4.749879122578574E+03  7.398099999999975E+02  1.000000000000000E+00  0.000000000000000E+00  1.000000000000000E+00  1.020648100000000E+05  0.000000000000000E+00   2 -1  0.000000000000000E+00  1.329202039216981E-04  3.361690093304609E-09  4.000033581463230E-01  8.434587074703472E-30  1.052466634268902E-28  3.819128655282198E-20  4.208988313020967E-29  0.000000000000000E+00  0.000000000000000E+00  4.207332013268794E-29  4.028863031688664E-04  7.744000000000003E-30  2.864580188134330E-26  6.307807987990687E-05  3.813554584658587E-20  0.000000000000000E+00  6.342078473066659E-21  3.301329311794199E-24  4.000033581463230E-01  1.250010494207259E-02  4.242682793403979E-06  2.658665405958280E-23  1.936900522712278E-29  3.187865881901329E-24  5.440039385252009E-02  0.000000000000000E+00  0.000000000000000E+00  0.000000000000000E+00  0.000000000000000E+00
 2.000000000000000E+01  3.604146004239581E+03  7.398099999999975E+02  1.000000000000000E+00  0.000000000000000E+00  1.000000000000000E+00  1.020648100000000E+05  0.000000000000000E+00   2  1  0.000000000000000E+00  1.329199028350988E-04  3.361679743259798E-09  4.000023986613436E-01  6.966474752221387E-30  9.399714135629265E-30  3.800449377828079E-20  2.137069039166224E-30  4.274849324463859E-29  0.000000000000000E+00  4.135566070885774E-29  4.028853152039596E-04  7.744000000000003E-30  2.837352160952561E-26  6.307791082921620E-05  3.817827853901122E-20  0.000000000000000E+00  6.345535157570944E-21  3.304497056633852E-24  4.000023986613436E-01  1.250007495816699E-02  4.242668802242141E-06  2.647444387056552E-23  0.000000000000000E+00  2.563349319266594E-29  5.440026336271368E-02  0.000000000000000E+00  0.000000000000000E+00  0.000000000000000E+00  0.000000000000000E+00
 2.000000000000000E+01  2.458412168402354E+03  7.398099999999975E+02  1.000000000000000E+00  0.000000000000000E+00  1.000000000000000E+00  1.020648100000000E+05  0.000000000000000E+00   2  1  0.000000000000000E+00  1.329196017482322E-04  3.361669393219766E-09  4.000014391757632E-01  5.260309158407920E-29  5.150608188775624E-29  3.801926330837908E-20  2.662077542006185E-30  1.327588130520720E-28  0.000000000000000E+00  2.660536798050675E-30  4.028843272385325E-04  7.744000000000003E-30  2.812886549407270E-26  6.307774177849853E-05  3.813844297700528E-20  0.000000000000000E+00  6.361809009588089E-21  3.301538876393628E-24  4.000014391757632E-01  1.250004497424260E-02  4.242654811091389E-06  2.648178278467511E-23  0.000000000000000E+00  4.214544295344020E-24  5.440013287282556E-02  0.000000000000000E+00  0.000000000000000E+00  0.000000000000000E+00  0.000000000000000E+00
 2.000000000000000E+01  1.312677615065747E+03  7.398099999999975E+02  1.000000000000000E+00  0.000000000000000E+00  1.000000000000000E+00  1.020648100000000E+05  0.000000000000000E+00   2  1  0.000000000000000E+00  1.329193006610982E-04  3.361659043184506E-09  4.000004796895821E-01  2.129600000000000E-28  1.760000000000000E-30  3.812138729262297E-20  7.744000000000001E-30  2.129600000000000E-28  7.377710960596488E-30  7.744000000000001E-30  4.028833392725857E-04  2.129600000000000E-28  2.129600000000000E-28  6.307757272775379E-05  3.813452552122584E-20  0.000000000000000E+00  6.368734001587836E-21  3.301245541701426E-24  4.000004796895821E-01  1.250001499029944E-02  4.242640819951721E-06  2.650160865929185E-23  0.000000000000000E+00  9.353245089196285E-29  5.440000238285572E-02  0.000000000000000E+00  0.000000000000000E+00  0.000000000000000E+00  0.000000000000000E+00
